model	post_prob	cumulative_post_prob	prior_prob	bf
0,1,2,3,4,1,5,6,7,8,3,3,3,9	0.0132143	0.0132143	1e-06	13391.2
0,1,2,3,4,1,2,2,2,2,3,3,3,5	0.0107143	0.0239286	<1e-06	>10830.3
0,1,2,3,4,1,5,5,5,5,3,3,3,5	0.0103571	0.0342857	<1e-06	>10465.5
0,1,2,3,4,1,2,2,2,2,3,3,3,2	0.00785714	0.0421429	<1e-06	>7919.36
0,1,2,3,4,1,5,5,5,6,3,3,3,7	0.0075	0.0496429	<1e-06	>7556.67
0,1,2,3,4,1,5,5,6,5,3,3,3,7	0.00678571	0.0564286	<1e-06	>6832.07
0,1,2,3,4,1,5,6,5,7,3,3,3,8	0.00642857	0.0628571	<1e-06	>6470.16
0,1,2,3,4,1,5,6,6,7,3,3,3,8	0.00642857	0.0692857	<1e-06	>6470.16
0,1,2,3,4,1,2,2,5,6,3,3,3,7	0.00642857	0.0757143	<1e-06	>6470.16
0,1,2,3,4,1,5,5,5,5,3,3,3,6	0.00642857	0.0821429	<1e-06	>6470.16
0,1,2,3,4,1,2,2,2,5,3,3,3,6	0.00642857	0.0885714	<1e-06	>6470.16
0,1,2,3,4,1,0,0,0,0,3,3,3,0	0.00607143	0.0946429	<1e-06	>6108.51
0,1,2,3,4,1,5,6,7,5,3,3,3,8	0.005	0.0996429	<1e-06	>5025.12
0,1,2,3,4,1,5,6,7,6,3,3,3,8	0.005	0.104643	<1e-06	>5025.12
0,1,2,3,4,1,5,6,5,5,3,3,3,5	0.00464286	0.109286	<1e-06	>4664.51
0,1,2,3,4,1,5,6,6,6,3,3,3,7	0.00464286	0.113929	<1e-06	>4664.51
0,1,2,3,4,1,5,5,6,5,3,3,3,5	0.00464286	0.118571	<1e-06	>4664.51
0,1,2,3,4,1,5,6,5,6,3,3,3,7	0.00428571	0.122857	<1e-06	>4304.16
0,1,0,2,3,1,0,0,0,0,2,2,2,0	0.00428571	0.127143	<1e-06	>4304.16
0,1,0,2,3,1,0,0,0,0,2,2,2,4	0.00428571	0.131429	<1e-06	>4304.16
0,1,2,3,4,1,0,5,0,0,3,3,3,0	0.00428571	0.135714	<1e-06	>4304.16
0,1,2,3,4,1,5,6,5,5,3,3,3,7	0.00392857	0.139643	<1e-06	>3944.06
0,1,2,3,4,1,5,2,2,6,3,3,3,7	0.00392857	0.143571	<1e-06	>3944.06
0,1,2,3,4,1,5,6,5,6,3,3,3,6	0.00357143	0.147143	<1e-06	>3584.23
0,1,2,3,4,1,5,6,5,7,3,3,3,5	0.00357143	0.150714	1e-06	3584.23
0,1,2,3,4,1,5,6,6,6,3,3,3,6	0.00357143	0.154286	<1e-06	>3584.23
0,1,2,3,4,1,5,5,6,7,3,3,3,8	0.00357143	0.157857	<1e-06	>3584.23
0,1,2,3,4,1,5,2,2,2,3,3,3,6	0.00321429	0.161071	<1e-06	>3224.65
0,1,2,3,4,1,5,6,7,7,3,3,3,8	0.00321429	0.164286	<1e-06	>3224.65
0,1,2,3,4,1,5,5,6,7,3,3,3,5	0.00321429	0.1675	<1e-06	>3224.65
0,1,2,3,4,1,2,5,2,6,3,3,3,7	0.00321429	0.170714	1e-06	3224.65
0,1,2,3,4,1,2,2,2,5,3,3,3,0	0.00321429	0.173929	<1e-06	>3224.65
0,1,2,3,4,1,2,5,6,7,3,3,3,8	0.00321429	0.177143	1e-06	3224.65
0,1,2,3,4,1,5,5,5,6,3,3,3,5	0.00321429	0.180357	<1e-06	>3224.65
0,1,2,3,4,1,5,5,2,6,3,3,3,7	0.00321429	0.183571	<1e-06	>3224.65
0,1,2,3,4,1,5,6,2,7,3,3,3,8	0.00321429	0.186786	<1e-06	>3224.65
0,1,2,3,4,1,5,2,6,7,3,3,3,8	0.00285714	0.189643	<1e-06	>2865.33
0,1,2,3,4,1,5,6,7,7,3,3,3,7	0.00285714	0.1925	<1e-06	>2865.33
0,1,2,3,4,1,5,2,2,2,3,3,3,2	0.00285714	0.195357	<1e-06	>2865.33
0,1,2,3,4,1,2,5,2,2,3,3,3,6	0.00285714	0.198214	<1e-06	>2865.33
0,1,2,3,4,1,5,5,6,7,3,3,3,6	0.00285714	0.201071	<1e-06	>2865.33
0,1,2,3,4,1,5,6,7,8,3,3,3,0	0.00285714	0.203929	<1e-06	>2865.33
0,1,2,3,4,1,5,5,5,6,3,3,3,6	0.00285714	0.206786	<1e-06	>2865.33
0,1,2,3,4,1,5,6,7,8,3,3,3,7	0.00285714	0.209643	<1e-06	>2865.33
0,1,2,3,4,1,2,2,5,2,3,3,3,2	0.00285714	0.2125	<1e-06	>2865.33
0,1,2,3,4,1,5,5,5,5,3,3,6,7	0.0025	0.215	<1e-06	>2506.26
0,1,2,3,4,1,5,6,7,8,3,3,3,6	0.0025	0.2175	<1e-06	>2506.26
0,1,2,3,4,1,5,6,5,2,3,3,3,7	0.0025	0.22	<1e-06	>2506.26
0,1,2,3,4,1,0,0,5,6,3,3,3,7	0.0025	0.2225	<1e-06	>2506.26
0,1,2,3,4,1,5,6,7,8,3,3,3,8	0.0025	0.225	<1e-06	>2506.26
0,1,2,3,4,1,5,5,6,5,3,3,3,0	0.0025	0.2275	<1e-06	>2506.26
0,1,2,3,4,1,0,0,2,0,3,3,3,0	0.0025	0.23	<1e-06	>2506.26
0,1,2,3,4,1,5,5,5,5,3,3,3,0	0.0025	0.2325	<1e-06	>2506.26
0,1,2,3,4,1,5,5,6,6,3,3,3,7	0.0025	0.235	<1e-06	>2506.26
0,1,2,3,4,1,5,5,5,5,3,6,3,7	0.0025	0.2375	<1e-06	>2506.26
0,1,2,3,4,1,2,2,2,2,3,3,3,0	0.00214286	0.239643	<1e-06	>2147.46
0,1,2,3,4,1,5,6,6,0,3,3,3,0	0.00214286	0.241786	<1e-06	>2147.46
0,1,2,3,4,1,5,5,2,5,3,3,3,5	0.00214286	0.243929	<1e-06	>2147.46
0,1,2,3,4,1,0,0,5,0,3,3,3,0	0.00214286	0.246071	<1e-06	>2147.46
0,1,2,3,4,1,5,6,2,2,3,3,3,7	0.00214286	0.248214	<1e-06	>2147.46
0,1,2,3,4,1,2,5,2,6,3,3,3,0	0.00214286	0.250357	<1e-06	>2147.46
0,1,2,3,4,1,0,0,0,0,3,3,3,5	0.00214286	0.2525	<1e-06	>2147.46
0,1,2,3,4,1,5,6,7,2,3,3,3,8	0.00214286	0.254643	<1e-06	>2147.46
0,1,2,3,4,1,5,5,6,2,3,3,3,7	0.00214286	0.256786	<1e-06	>2147.46
0,1,2,3,4,1,2,2,5,2,3,3,3,6	0.00214286	0.258929	<1e-06	>2147.46
0,1,2,3,4,1,5,0,0,0,3,3,3,6	0.00214286	0.261071	<1e-06	>2147.46
0,1,0,2,3,1,0,0,4,5,2,2,2,0	0.00214286	0.263214	<1e-06	>2147.46
0,1,2,3,4,1,2,5,2,5,3,3,3,6	0.00214286	0.265357	<1e-06	>2147.46
0,1,2,3,4,1,5,0,0,6,3,3,3,7	0.00214286	0.2675	<1e-06	>2147.46
0,1,2,3,4,1,5,6,5,5,3,3,3,0	0.00214286	0.269643	<1e-06	>2147.46
0,1,2,3,4,1,2,2,5,2,3,3,3,5	0.00214286	0.271786	<1e-06	>2147.46
0,1,2,3,4,1,2,5,2,2,3,3,3,2	0.00178571	0.273571	<1e-06	>1788.91
0,1,2,3,4,1,0,5,0,6,3,3,3,0	0.00178571	0.275357	<1e-06	>1788.91
0,1,2,3,4,1,5,5,2,6,3,3,3,5	0.00178571	0.277143	<1e-06	>1788.91
0,1,2,3,4,1,5,5,6,7,3,3,3,7	0.00178571	0.278929	<1e-06	>1788.91
0,1,2,3,4,1,5,5,6,6,3,3,3,6	0.00178571	0.280714	<1e-06	>1788.91
0,1,2,3,4,1,5,0,0,6,3,3,3,0	0.00178571	0.2825	<1e-06	>1788.91
0,1,2,3,4,1,2,0,0,5,3,3,3,6	0.00178571	0.284286	<1e-06	>1788.91
0,1,2,3,4,1,2,2,5,6,3,3,3,6	0.00178571	0.286071	<1e-06	>1788.91
0,1,2,3,4,1,2,2,5,6,3,3,3,5	0.00178571	0.287857	<1e-06	>1788.91
0,1,2,3,4,1,5,5,6,5,7,7,7,8	0.00178571	0.289643	<1e-06	>1788.91
0,1,2,3,4,1,5,6,6,6,3,3,3,5	0.00178571	0.291429	<1e-06	>1788.91
0,1,2,3,4,1,5,6,6,6,3,3,3,0	0.00178571	0.293214	<1e-06	>1788.91
0,1,2,3,4,1,5,2,6,7,3,3,3,6	0.00178571	0.295	<1e-06	>1788.91
0,1,2,3,4,1,5,2,2,6,3,3,3,2	0.00178571	0.296786	<1e-06	>1788.91
0,1,2,3,4,1,5,2,5,6,3,3,3,7	0.00178571	0.298571	<1e-06	>1788.91
0,1,2,3,4,1,5,6,6,2,3,3,3,7	0.00178571	0.300357	<1e-06	>1788.91
0,1,2,3,4,1,5,6,2,6,3,3,3,7	0.00178571	0.302143	<1e-06	>1788.91
0,1,2,3,4,1,5,5,6,0,3,3,3,7	0.00178571	0.303929	<1e-06	>1788.91
0,1,0,2,3,1,0,0,0,4,2,2,2,5	0.00178571	0.305714	<1e-06	>1788.91
0,1,2,3,4,1,2,2,2,5,3,3,3,5	0.00178571	0.3075	<1e-06	>1788.91
0,1,2,3,4,1,5,6,7,6,3,3,3,6	0.00178571	0.309286	<1e-06	>1788.91
0,1,2,3,4,1,2,5,5,5,3,3,3,6	0.00178571	0.311071	<1e-06	>1788.91
0,1,2,3,4,1,5,2,5,2,3,3,3,6	0.00178571	0.312857	<1e-06	>1788.91
0,1,2,3,4,1,5,6,7,8,3,3,3,5	0.00178571	0.314643	1e-06	1788.91
0,1,2,3,4,1,5,2,6,7,3,3,3,7	0.00178571	0.316429	<1e-06	>1788.91
0,1,2,3,4,1,0,5,0,0,3,3,3,6	0.00178571	0.318214	<1e-06	>1788.91
0,1,2,3,4,1,2,5,6,2,3,3,3,7	0.00178571	0.32	<1e-06	>1788.91
0,1,2,3,4,1,5,6,5,6,3,3,3,5	0.00178571	0.321786	<1e-06	>1788.91
0,1,2,3,4,1,5,2,5,5,3,3,3,5	0.00178571	0.323571	<1e-06	>1788.91
0,1,2,3,4,1,2,5,5,6,3,3,3,7	0.00178571	0.325357	<1e-06	>1788.91
0,1,2,3,4,1,5,6,5,5,3,3,3,6	0.00178571	0.327143	<1e-06	>1788.91
0,1,0,2,3,1,0,0,4,0,2,2,2,5	0.00178571	0.328929	<1e-06	>1788.91
0,1,2,3,4,1,5,6,6,7,3,3,3,5	0.00178571	0.330714	<1e-06	>1788.91
0,1,2,3,4,1,5,5,0,0,3,3,3,0	0.00142857	0.332143	<1e-06	>1430.61
0,1,2,3,4,1,2,5,0,0,3,3,3,6	0.00142857	0.333571	<1e-06	>1430.61
0,1,2,3,4,1,5,5,0,5,3,3,3,0	0.00142857	0.335	<1e-06	>1430.61
0,1,2,3,4,1,2,5,6,0,3,3,3,0	0.00142857	0.336429	<1e-06	>1430.61
0,1,2,3,4,1,2,5,5,6,3,3,3,6	0.00142857	0.337857	<1e-06	>1430.61
0,1,2,3,4,1,2,5,6,2,3,3,3,6	0.00142857	0.339286	<1e-06	>1430.61
0,1,2,3,4,1,5,2,6,6,3,3,3,6	0.00142857	0.340714	<1e-06	>1430.61
0,1,2,3,4,1,5,6,5,7,3,3,3,7	0.00142857	0.342143	<1e-06	>1430.61
0,1,2,3,4,1,5,2,6,2,3,3,3,2	0.00142857	0.343571	<1e-06	>1430.61
0,1,2,3,4,1,5,5,2,6,3,3,3,6	0.00142857	0.345	<1e-06	>1430.61
0,1,2,3,4,1,2,5,6,6,3,3,3,6	0.00142857	0.346429	<1e-06	>1430.61
0,1,2,3,4,1,5,6,7,8,3,3,9,10	0.00142857	0.347857	2e-06	715.306
0,1,2,3,4,1,5,2,6,0,3,3,3,7	0.00142857	0.349286	<1e-06	>1430.61
0,1,2,3,4,1,2,5,5,5,3,3,3,5	0.00142857	0.350714	<1e-06	>1430.61
0,1,2,3,4,1,5,5,5,0,3,3,3,5	0.00142857	0.352143	<1e-06	>1430.61
0,1,2,3,4,1,5,5,5,0,3,3,3,6	0.00142857	0.353571	<1e-06	>1430.61
0,1,2,3,4,1,2,5,5,5,3,3,3,0	0.00142857	0.355	<1e-06	>1430.61
0,1,2,3,4,1,2,2,2,0,3,3,3,5	0.00142857	0.356429	<1e-06	>1430.61
0,1,2,3,4,1,5,6,2,7,3,3,3,6	0.00142857	0.357857	<1e-06	>1430.61
0,1,2,3,4,1,5,2,5,5,3,3,3,6	0.00142857	0.359286	<1e-06	>1430.61
0,1,2,3,4,1,5,6,6,0,3,3,3,7	0.00142857	0.360714	<1e-06	>1430.61
0,1,2,3,4,1,2,5,5,2,3,3,3,6	0.00142857	0.362143	<1e-06	>1430.61
0,1,2,3,4,1,5,6,2,6,3,3,3,6	0.00142857	0.363571	<1e-06	>1430.61
0,1,2,3,4,1,0,0,0,0,3,5,3,0	0.00142857	0.365	<1e-06	>1430.61
0,1,2,3,4,1,5,5,5,2,3,3,3,5	0.00142857	0.366429	<1e-06	>1430.61
0,1,2,3,4,1,5,5,5,2,3,3,3,6	0.00142857	0.367857	<1e-06	>1430.61
0,1,0,2,3,1,0,0,0,0,4,4,4,0	0.00142857	0.369286	<1e-06	>1430.61
0,1,0,2,3,1,0,0,0,4,2,2,2,0	0.00142857	0.370714	<1e-06	>1430.61
0,1,2,3,4,1,5,6,2,5,3,3,3,5	0.00142857	0.372143	<1e-06	>1430.61
0,1,2,3,4,1,5,5,5,5,6,6,6,7	0.00142857	0.373571	<1e-06	>1430.61
0,1,2,3,4,1,2,5,2,6,3,3,3,2	0.00142857	0.375	<1e-06	>1430.61
0,1,2,3,4,1,5,6,7,5,3,3,3,7	0.00142857	0.376429	<1e-06	>1430.61
0,1,0,2,3,1,4,0,0,5,2,2,2,6	0.00142857	0.377857	<1e-06	>1430.61
0,1,2,3,4,1,5,0,5,6,3,3,3,7	0.00142857	0.379286	<1e-06	>1430.61
0,1,2,3,4,1,5,6,0,0,3,3,3,7	0.00142857	0.380714	<1e-06	>1430.61
0,1,2,3,4,1,5,6,0,0,3,3,3,0	0.00142857	0.382143	<1e-06	>1430.61
0,1,2,3,4,1,5,6,7,5,3,3,3,6	0.00142857	0.383571	<1e-06	>1430.61
0,1,2,3,4,1,5,0,6,7,3,3,3,0	0.00142857	0.385	<1e-06	>1430.61
0,1,2,3,2,1,4,5,5,5,3,3,3,6	0.00142857	0.386429	<1e-06	>1430.61
0,1,2,3,4,1,5,6,6,7,3,3,3,0	0.00142857	0.387857	<1e-06	>1430.61
0,1,2,3,4,1,5,6,6,7,3,3,3,6	0.00142857	0.389286	<1e-06	>1430.61
0,1,2,3,4,1,5,6,6,7,3,3,3,7	0.00142857	0.390714	<1e-06	>1430.61
0,1,2,3,4,1,5,6,7,5,3,3,3,5	0.00142857	0.392143	<1e-06	>1430.61
0,1,2,3,4,1,0,0,5,6,3,3,3,0	0.00142857	0.393571	<1e-06	>1430.61
0,1,2,3,4,1,5,6,7,2,3,3,3,6	0.00142857	0.395	<1e-06	>1430.61
0,1,2,3,4,1,5,2,2,6,3,3,3,0	0.00142857	0.396429	<1e-06	>1430.61
0,1,2,3,4,1,5,2,2,5,3,3,3,6	0.00142857	0.397857	<1e-06	>1430.61
0,1,2,3,4,1,2,2,5,6,3,3,3,2	0.00142857	0.399286	<1e-06	>1430.61
0,1,2,3,4,1,5,5,6,6,3,3,3,5	0.00142857	0.400714	<1e-06	>1430.61
0,1,2,3,4,1,2,5,6,2,3,3,3,2	0.00107143	0.401786	<1e-06	>1072.58
0,1,2,3,4,1,0,5,6,6,3,3,3,0	0.00107143	0.402857	<1e-06	>1072.58
0,1,2,3,4,1,5,2,2,2,6,3,3,7	0.00107143	0.403929	<1e-06	>1072.58
0,1,2,3,4,1,5,2,2,2,3,3,6,7	0.00107143	0.405	<1e-06	>1072.58
0,1,2,3,4,1,5,5,6,7,3,3,3,0	0.00107143	0.406071	<1e-06	>1072.58
0,1,2,3,4,1,0,2,2,0,3,3,3,0	0.00107143	0.407143	<1e-06	>1072.58
0,1,2,3,4,1,2,2,5,5,3,3,3,6	0.00107143	0.408214	<1e-06	>1072.58
0,1,2,3,4,1,5,6,7,0,3,3,3,0	0.00107143	0.409286	<1e-06	>1072.58
0,1,2,3,4,1,0,2,2,5,3,3,3,6	0.00107143	0.410357	<1e-06	>1072.58
0,1,2,3,4,1,5,5,6,4,3,3,3,7	0.00107143	0.411429	<1e-06	>1072.58
0,1,2,3,4,1,5,6,6,7,3,3,8,6	0.00107143	0.4125	<1e-06	>1072.58
0,1,2,3,4,1,5,2,2,6,3,3,3,6	0.00107143	0.413571	<1e-06	>1072.58
0,1,2,3,4,1,5,2,2,0,3,3,3,6	0.00107143	0.414643	<1e-06	>1072.58
0,1,2,3,4,1,5,5,6,7,8,8,8,5	0.00107143	0.415714	<1e-06	>1072.58
0,1,2,3,4,1,5,6,2,0,3,3,3,0	0.00107143	0.416786	<1e-06	>1072.58
0,1,2,3,4,1,5,2,5,0,3,3,3,0	0.00107143	0.417857	<1e-06	>1072.58
0,1,2,3,4,1,5,2,5,0,3,3,3,6	0.00107143	0.418929	<1e-06	>1072.58
0,1,2,3,4,1,5,5,5,6,3,7,3,5	0.00107143	0.42	<1e-06	>1072.58
0,1,2,3,4,1,5,5,5,6,3,3,7,5	0.00107143	0.421071	<1e-06	>1072.58
0,1,2,3,4,1,2,2,5,0,3,3,3,6	0.00107143	0.422143	<1e-06	>1072.58
0,1,2,3,4,1,2,2,2,5,3,3,3,2	0.00107143	0.423214	<1e-06	>1072.58
0,1,2,3,4,1,5,6,7,6,3,3,3,5	0.00107143	0.424286	<1e-06	>1072.58
0,1,2,3,4,1,5,5,5,6,3,3,3,0	0.00107143	0.425357	<1e-06	>1072.58
0,1,2,3,4,1,5,6,6,6,7,3,3,8	0.00107143	0.426429	<1e-06	>1072.58
0,1,2,3,4,1,5,5,5,5,6,6,6,5	0.00107143	0.4275	<1e-06	>1072.58
0,1,2,3,4,1,5,5,5,5,6,3,3,5	0.00107143	0.428571	<1e-06	>1072.58
0,1,2,3,4,1,5,2,5,2,3,3,3,5	0.00107143	0.429643	<1e-06	>1072.58
0,1,2,3,4,1,0,2,5,6,3,3,3,7	0.00107143	0.430714	<1e-06	>1072.58
0,1,2,3,4,1,2,2,2,2,5,6,3,7	0.00107143	0.431786	<1e-06	>1072.58
0,1,2,3,4,1,2,2,2,2,5,5,3,2	0.00107143	0.432857	<1e-06	>1072.58
0,1,2,3,4,1,5,6,7,8,3,3,3,2	0.00107143	0.433929	<1e-06	>1072.58
0,1,2,3,4,1,2,5,5,0,3,3,3,0	0.00107143	0.435	<1e-06	>1072.58
0,1,2,3,4,1,5,6,2,5,3,3,3,7	0.00107143	0.436071	<1e-06	>1072.58
0,1,2,3,4,1,0,5,0,6,3,3,3,7	0.00107143	0.437143	<1e-06	>1072.58
0,1,2,3,4,1,5,6,6,5,3,3,3,6	0.00107143	0.438214	<1e-06	>1072.58
0,1,2,3,4,1,5,6,2,5,7,7,7,5	0.00107143	0.439286	<1e-06	>1072.58
0,1,2,3,4,1,5,6,2,7,3,3,3,5	0.00107143	0.440357	<1e-06	>1072.58
0,1,2,3,4,1,5,0,0,0,3,3,3,0	0.00107143	0.441429	<1e-06	>1072.58
0,1,2,3,4,1,5,6,2,7,8,3,3,9	0.00107143	0.4425	<1e-06	>1072.58
0,1,2,3,4,1,0,0,0,2,3,3,3,0	0.00107143	0.443571	<1e-06	>1072.58
0,1,2,3,4,1,2,5,6,6,7,7,7,8	0.00107143	0.444643	<1e-06	>1072.58
0,1,2,3,4,1,0,0,0,5,3,3,3,0	0.00107143	0.445714	<1e-06	>1072.58
0,1,0,2,3,1,4,4,0,4,2,2,2,4	0.00107143	0.446786	<1e-06	>1072.58
0,1,2,3,4,1,2,0,0,0,3,3,3,5	0.00107143	0.447857	<1e-06	>1072.58
0,1,2,3,4,1,5,6,7,8,9,3,3,10	0.00107143	0.448929	2e-06	536.288
0,1,2,3,4,1,0,5,5,0,3,3,3,6	0.00107143	0.45	<1e-06	>1072.58
0,1,2,3,4,1,0,5,6,0,3,3,3,0	0.00107143	0.451071	<1e-06	>1072.58
0,1,2,3,4,1,0,0,0,5,3,3,3,6	0.00107143	0.452143	<1e-06	>1072.58
0,1,2,3,4,1,5,6,5,7,3,3,3,6	0.00107143	0.453214	<1e-06	>1072.58
0,1,2,3,4,1,5,2,6,6,3,3,3,7	0.00107143	0.454286	<1e-06	>1072.58
0,1,2,3,4,1,0,5,6,6,3,3,3,7	0.00107143	0.455357	<1e-06	>1072.58
0,1,2,3,2,1,2,4,5,6,3,3,3,7	0.00107143	0.456429	<1e-06	>1072.58
0,1,2,3,4,1,0,5,6,0,3,3,3,7	0.00107143	0.4575	<1e-06	>1072.58
0,1,2,3,4,1,5,6,7,0,3,3,3,6	0.00107143	0.458571	<1e-06	>1072.58
0,1,2,3,4,5,6,7,2,6,3,3,3,8	0.000714286	0.459286	<1e-06	>714.796
0,1,2,3,4,1,0,5,6,0,3,3,3,5	0.000714286	0.46	<1e-06	>714.796
0,1,2,3,4,1,5,5,0,6,3,3,3,6	0.000714286	0.460714	<1e-06	>714.796
0,1,2,3,4,1,5,5,2,0,3,3,3,6	0.000714286	0.461429	<1e-06	>714.796
0,1,2,3,4,1,5,2,6,5,7,7,7,5	0.000714286	0.462143	<1e-06	>714.796
0,1,2,3,4,1,5,2,6,5,3,3,7,8	0.000714286	0.462857	<1e-06	>714.796
0,1,2,3,2,1,4,4,2,4,3,3,3,4	0.000714286	0.463571	<1e-06	>714.796
0,1,2,3,2,1,4,4,4,2,3,3,3,4	0.000714286	0.464286	<1e-06	>714.796
0,1,2,3,4,1,5,2,6,5,3,3,3,7	0.000714286	0.465	<1e-06	>714.796
0,1,2,3,2,1,4,4,4,4,3,3,3,5	0.000714286	0.465714	<1e-06	>714.796
0,1,2,3,4,1,5,2,6,5,3,3,3,5	0.000714286	0.466429	<1e-06	>714.796
0,1,2,3,2,1,4,4,4,5,3,3,3,4	0.000714286	0.467143	<1e-06	>714.796
0,1,2,3,4,1,5,2,6,2,3,3,3,7	0.000714286	0.467857	<1e-06	>714.796
0,1,2,3,4,1,5,5,2,2,3,3,3,6	0.000714286	0.468571	<1e-06	>714.796
0,1,2,3,4,1,5,5,5,0,3,3,3,0	0.000714286	0.469286	<1e-06	>714.796
0,1,2,3,4,1,5,2,6,0,3,3,3,0	0.000714286	0.47	<1e-06	>714.796
0,1,2,3,4,1,5,5,5,2,3,3,3,0	0.000714286	0.470714	<1e-06	>714.796
0,1,2,3,4,1,5,2,5,6,3,3,3,6	0.000714286	0.471429	<1e-06	>714.796
0,1,2,3,4,1,5,2,5,6,3,3,3,5	0.000714286	0.472143	<1e-06	>714.796
0,1,2,3,4,1,5,5,5,2,3,3,3,2	0.000714286	0.472857	<1e-06	>714.796
0,1,2,3,4,1,5,5,5,5,3,3,6,2	0.000714286	0.473571	<1e-06	>714.796
0,1,2,3,4,1,5,5,5,5,3,6,3,5	0.000714286	0.474286	<1e-06	>714.796
0,1,2,3,2,1,2,2,2,2,3,3,3,4	0.000714286	0.475	<1e-06	>714.796
0,1,2,3,4,1,5,5,5,6,3,7,3,8	0.000714286	0.475714	1e-06	714.796
0,1,2,3,4,1,5,5,6,0,3,3,3,5	0.000714286	0.476429	<1e-06	>714.796
0,1,2,3,4,1,5,2,2,6,3,7,3,6	0.000714286	0.477143	<1e-06	>714.796
0,1,2,3,4,1,5,5,6,0,3,7,3,8	0.000714286	0.477857	<1e-06	>714.796
0,1,2,3,4,1,5,5,6,2,3,3,3,0	0.000714286	0.478571	<1e-06	>714.796
0,1,2,3,4,1,5,5,6,2,3,3,3,5	0.000714286	0.479286	<1e-06	>714.796
0,1,2,3,4,1,5,5,6,5,3,3,3,6	0.000714286	0.48	<1e-06	>714.796
0,1,2,3,4,1,5,5,6,5,3,3,7,0	0.000714286	0.480714	<1e-06	>714.796
0,1,2,3,4,1,5,5,6,5,7,7,7,0	0.000714286	0.481429	<1e-06	>714.796
0,1,2,3,4,1,5,5,6,6,3,3,7,5	0.000714286	0.482143	<1e-06	>714.796
0,1,2,3,2,1,4,5,6,2,3,3,3,6	0.000714286	0.482857	<1e-06	>714.796
0,1,2,3,4,1,5,5,6,6,3,7,3,6	0.000714286	0.483571	<1e-06	>714.796
0,1,2,3,4,1,5,5,6,7,3,8,3,9	0.000714286	0.484286	<1e-06	>714.796
0,1,2,3,4,1,5,2,2,2,3,3,3,5	0.000714286	0.485	<1e-06	>714.796
0,1,2,3,4,1,5,5,6,7,3,8,8,5	0.000714286	0.485714	<1e-06	>714.796
0,1,2,3,4,1,5,2,2,2,3,3,3,0	0.000714286	0.486429	<1e-06	>714.796
0,1,2,3,4,1,5,5,6,7,8,3,3,5	0.000714286	0.487143	<1e-06	>714.796
0,1,2,3,4,1,5,2,2,0,3,3,3,0	0.000714286	0.487857	<1e-06	>714.796
0,1,2,3,4,1,5,0,6,7,3,3,3,8	0.000714286	0.488571	<1e-06	>714.796
0,1,2,3,4,1,5,0,6,7,3,3,3,6	0.000714286	0.489286	<1e-06	>714.796
0,1,2,3,4,1,5,5,6,7,8,3,3,9	0.000714286	0.49	1e-06	714.796
0,1,2,3,4,1,5,0,6,2,3,3,3,2	0.000714286	0.490714	<1e-06	>714.796
0,1,2,3,4,1,5,0,6,0,3,3,3,0	0.000714286	0.491429	<1e-06	>714.796
0,1,2,3,2,1,4,5,6,7,3,3,3,8	0.000714286	0.492143	<1e-06	>714.796
0,1,2,3,4,1,5,6,0,7,3,3,3,0	0.000714286	0.492857	<1e-06	>714.796
0,1,2,3,4,1,5,0,5,2,3,3,3,0	0.000714286	0.493571	<1e-06	>714.796
0,1,2,3,4,1,5,0,5,0,3,3,3,0	0.000714286	0.494286	<1e-06	>714.796
0,1,2,3,4,1,5,0,2,6,7,7,7,0	0.000714286	0.495	<1e-06	>714.796
0,1,2,3,4,1,5,0,2,6,3,3,3,7	0.000714286	0.495714	<1e-06	>714.796
0,1,2,3,4,1,5,0,0,6,3,7,3,8	0.000714286	0.496429	<1e-06	>714.796
0,1,2,3,4,1,5,6,0,7,3,3,3,7	0.000714286	0.497143	<1e-06	>714.796
0,1,2,3,4,1,5,0,0,6,3,3,3,6	0.000714286	0.497857	<1e-06	>714.796
0,1,2,3,4,1,5,6,2,2,3,3,3,6	0.000714286	0.498571	<1e-06	>714.796
0,1,2,3,4,1,5,0,0,5,3,3,3,6	0.000714286	0.499286	<1e-06	>714.796
0,1,2,3,4,1,5,6,2,5,3,3,3,6	0.000714286	0.5	<1e-06	>714.796
0,1,2,3,4,1,5,6,2,5,7,3,3,8	0.000714286	0.500714	<1e-06	>714.796
0,1,2,3,4,1,5,0,0,0,6,3,3,0	0.000714286	0.501429	<1e-06	>714.796
0,1,2,3,4,1,5,0,0,0,3,6,3,0	0.000714286	0.502143	<1e-06	>714.796
0,1,2,3,4,1,5,6,2,6,3,3,3,2	0.000714286	0.502857	<1e-06	>714.796
0,1,2,3,4,1,5,6,2,7,3,3,3,0	0.000714286	0.503571	<1e-06	>714.796
0,1,2,3,4,1,0,0,0,0,5,3,5,0	0.000714286	0.504286	<1e-06	>714.796
0,1,2,3,4,1,5,0,0,0,3,3,3,5	0.000714286	0.505	<1e-06	>714.796
0,1,2,3,4,1,0,0,0,0,5,5,3,6	0.000714286	0.505714	<1e-06	>714.796
0,1,2,3,4,1,0,0,0,0,5,5,5,0	0.000714286	0.506429	<1e-06	>714.796
0,1,2,3,4,1,5,6,2,7,3,3,3,7	0.000714286	0.507143	<1e-06	>714.796
0,1,2,3,4,1,0,0,0,0,5,5,5,6	0.000714286	0.507857	<1e-06	>714.796
0,1,2,3,4,1,4,4,4,5,3,3,6,7	0.000714286	0.508571	<1e-06	>714.796
0,1,0,2,3,1,4,5,0,6,2,2,2,7	0.000714286	0.509286	<1e-06	>714.796
0,1,2,3,4,1,5,6,2,7,8,8,3,9	0.000714286	0.51	<1e-06	>714.796
0,1,2,3,4,1,2,5,6,7,3,3,3,2	0.000714286	0.510714	<1e-06	>714.796
0,1,2,3,4,1,5,6,2,7,8,8,8,9	0.000714286	0.511429	1e-06	714.796
0,1,2,3,4,1,2,5,6,6,3,3,3,7	0.000714286	0.512143	<1e-06	>714.796
0,1,2,3,4,1,5,6,5,2,3,3,3,0	0.000714286	0.512857	<1e-06	>714.796
0,1,2,3,4,1,5,6,5,2,3,3,3,2	0.000714286	0.513571	<1e-06	>714.796
0,1,2,3,4,1,5,6,5,2,3,7,3,5	0.000714286	0.514286	<1e-06	>714.796
0,1,2,3,4,1,2,5,6,5,7,7,7,0	0.000714286	0.515	<1e-06	>714.796
0,1,2,3,4,1,2,5,6,5,3,3,3,7	0.000714286	0.515714	<1e-06	>714.796
0,1,0,2,3,1,4,5,0,0,2,2,2,6	0.000714286	0.516429	<1e-06	>714.796
0,1,0,2,3,1,4,5,0,0,2,2,2,0	0.000714286	0.517143	<1e-06	>714.796
0,1,2,3,4,1,0,0,0,5,6,3,3,0	0.000714286	0.517857	<1e-06	>714.796
0,1,2,3,4,1,5,6,5,5,3,7,3,0	0.000714286	0.518571	<1e-06	>714.796
0,1,2,3,4,1,2,5,6,0,3,3,3,7	0.000714286	0.519286	<1e-06	>714.796
0,1,2,3,4,1,5,6,5,6,3,3,7,8	0.000714286	0.52	<1e-06	>714.796
0,1,2,3,4,1,5,6,5,7,3,3,3,0	0.000714286	0.520714	<1e-06	>714.796
0,1,0,2,3,1,4,4,4,0,2,2,2,5	0.000714286	0.521429	<1e-06	>714.796
0,1,0,2,3,1,4,4,0,0,2,2,2,5	0.000714286	0.522143	<1e-06	>714.796
0,1,2,3,4,1,0,0,2,0,3,3,3,5	0.000714286	0.522857	<1e-06	>714.796
0,1,2,3,4,1,2,5,5,6,3,3,3,5	0.000714286	0.523571	<1e-06	>714.796
0,1,2,3,4,1,2,5,5,5,6,6,6,5	0.000714286	0.524286	<1e-06	>714.796
0,1,2,3,4,1,2,5,5,5,6,3,3,7	0.000714286	0.525	<1e-06	>714.796
0,1,2,3,4,1,5,6,5,7,3,3,8,5	0.000714286	0.525714	<1e-06	>714.796
0,1,2,3,4,1,0,0,2,2,3,3,3,0	0.000714286	0.526429	<1e-06	>714.796
0,1,2,3,4,1,5,6,5,7,8,8,8,9	0.000714286	0.527143	<1e-06	>714.796
0,1,2,3,4,1,5,5,0,6,3,3,3,0	0.000714286	0.527857	<1e-06	>714.796
0,1,2,3,4,1,0,0,2,5,3,3,3,2	0.000714286	0.528571	<1e-06	>714.796
0,1,0,2,3,1,4,0,5,6,2,2,2,7	0.000714286	0.529286	1e-06	714.796
0,1,2,3,4,1,5,6,6,2,3,3,3,5	0.000714286	0.53	<1e-06	>714.796
0,1,0,2,3,1,4,0,5,0,2,2,2,6	0.000714286	0.530714	<1e-06	>714.796
0,1,2,3,4,1,2,5,5,2,3,3,3,5	0.000714286	0.531429	<1e-06	>714.796
0,1,2,3,4,1,0,0,5,0,3,3,3,5	0.000714286	0.532143	<1e-06	>714.796
0,1,2,3,4,1,2,5,5,2,3,3,3,2	0.000714286	0.532857	<1e-06	>714.796
0,1,2,3,4,1,5,6,6,6,3,1,3,6	0.000714286	0.533571	<1e-06	>714.796
0,1,2,3,4,1,2,5,2,6,7,3,3,2	0.000714286	0.534286	<1e-06	>714.796
0,1,2,3,4,1,2,5,2,6,7,3,3,0	0.000714286	0.535	<1e-06	>714.796
0,1,2,3,4,1,5,6,6,6,3,3,7,8	0.000714286	0.535714	<1e-06	>714.796
0,1,2,3,4,1,2,5,2,6,3,3,3,6	0.000714286	0.536429	<1e-06	>714.796
0,1,2,3,4,1,5,6,6,6,7,3,7,8	0.000714286	0.537143	<1e-06	>714.796
0,1,2,3,4,1,5,6,6,6,7,7,7,6	0.000714286	0.537857	<1e-06	>714.796
0,1,2,3,4,1,2,5,2,5,6,3,6,7	0.000714286	0.538571	<1e-06	>714.796
0,1,2,3,4,1,5,6,6,7,3,8,3,9	0.000714286	0.539286	<1e-06	>714.796
0,1,2,3,4,1,2,5,2,5,3,3,3,5	0.000714286	0.54	<1e-06	>714.796
0,1,2,3,4,1,2,5,2,2,3,6,3,2	0.000714286	0.540714	<1e-06	>714.796
0,1,0,2,3,1,0,4,5,6,2,2,2,5	0.000714286	0.541429	<1e-06	>714.796
0,1,2,3,4,1,5,6,6,7,8,3,3,6	0.000714286	0.542143	<1e-06	>714.796
0,1,2,3,4,1,5,6,6,7,8,8,8,7	0.000714286	0.542857	<1e-06	>714.796
0,1,2,3,4,1,5,6,6,7,8,8,8,9	0.000714286	0.543571	<1e-06	>714.796
0,1,2,3,4,1,0,0,5,6,3,3,7,0	0.000714286	0.544286	<1e-06	>714.796
0,1,2,3,4,1,0,0,5,6,3,3,7,8	0.000714286	0.545	<1e-06	>714.796
0,1,2,3,4,1,2,5,2,0,3,3,6,7	0.000714286	0.545714	<1e-06	>714.796
0,1,2,3,4,1,2,5,2,0,3,3,3,6	0.000714286	0.546429	<1e-06	>714.796
0,1,2,3,4,1,2,5,0,2,3,3,3,6	0.000714286	0.547143	<1e-06	>714.796
0,1,2,3,4,1,5,6,7,0,3,3,3,5	0.000714286	0.547857	1e-06	714.796
0,1,2,3,4,1,2,4,2,0,3,3,3,0	0.000714286	0.548571	<1e-06	>714.796
0,1,2,3,4,1,2,2,5,6,7,7,8,9	0.000714286	0.549286	1e-06	714.796
0,1,2,3,4,1,2,2,5,6,7,7,7,6	0.000714286	0.55	<1e-06	>714.796
0,1,2,3,4,1,2,2,5,6,7,3,3,5	0.000714286	0.550714	<1e-06	>714.796
0,1,2,3,4,1,2,2,5,6,3,3,7,8	0.000714286	0.551429	<1e-06	>714.796
0,1,2,3,4,1,0,2,0,5,3,3,3,0	0.000714286	0.552143	<1e-06	>714.796
0,1,0,2,3,1,0,4,5,0,2,2,2,6	0.000714286	0.552857	<1e-06	>714.796
0,1,2,3,4,1,5,6,7,0,3,3,3,8	0.000714286	0.553571	<1e-06	>714.796
0,1,0,2,3,1,0,4,4,5,2,2,2,6	0.000714286	0.554286	<1e-06	>714.796
0,1,2,3,4,1,5,6,7,0,8,8,8,9	0.000714286	0.555	<1e-06	>714.796
0,1,2,3,4,1,5,6,7,2,3,3,3,2	0.000714286	0.555714	<1e-06	>714.796
0,1,2,3,4,1,2,2,5,5,3,6,3,5	0.000714286	0.556429	<1e-06	>714.796
0,1,2,3,4,1,0,2,2,0,3,3,3,5	0.000714286	0.557143	<1e-06	>714.796
0,1,2,3,4,1,5,6,7,2,3,3,3,5	0.000714286	0.557857	<1e-06	>714.796
0,1,2,3,4,1,2,2,5,2,3,6,3,7	0.000714286	0.558571	<1e-06	>714.796
0,1,2,3,4,1,2,2,5,2,3,6,3,5	0.000714286	0.559286	<1e-06	>714.796
0,1,2,3,4,1,5,6,7,2,3,3,3,7	0.000714286	0.56	<1e-06	>714.796
0,1,2,3,4,1,5,6,7,2,8,8,3,9	0.000714286	0.560714	<1e-06	>714.796
0,1,2,3,4,1,5,6,7,5,3,3,3,0	0.000714286	0.561429	<1e-06	>714.796
0,1,0,2,3,1,0,4,0,5,2,2,2,6	0.000714286	0.562143	<1e-06	>714.796
0,1,2,3,4,1,2,2,5,2,3,3,3,0	0.000714286	0.562857	<1e-06	>714.796
0,1,2,3,4,1,5,6,7,5,8,3,3,9	0.000714286	0.563571	<1e-06	>714.796
0,1,2,3,4,1,2,2,2,5,6,6,6,2	0.000714286	0.564286	<1e-06	>714.796
0,1,2,3,4,1,2,2,2,5,3,3,6,7	0.000714286	0.565	<1e-06	>714.796
0,1,2,3,4,1,2,2,2,5,3,3,6,2	0.000714286	0.565714	<1e-06	>714.796
0,1,2,3,4,1,5,6,7,5,8,8,8,5	0.000714286	0.566429	<1e-06	>714.796
0,1,0,2,3,1,0,4,0,0,2,2,2,5	0.000714286	0.567143	<1e-06	>714.796
0,1,2,3,4,1,5,6,7,6,3,3,3,0	0.000714286	0.567857	<1e-06	>714.796
0,1,2,3,4,1,5,6,7,6,3,3,3,7	0.000714286	0.568571	<1e-06	>714.796
0,1,2,3,4,1,2,2,2,4,3,5,3,6	0.000714286	0.569286	<1e-06	>714.796
0,1,2,3,4,1,5,6,7,6,8,8,8,6	0.000714286	0.57	<1e-06	>714.796
0,1,2,3,4,1,2,2,2,2,5,6,6,2	0.000714286	0.570714	<1e-06	>714.796
0,1,0,2,3,1,0,0,4,5,2,2,2,6	0.000714286	0.571429	<1e-06	>714.796
0,1,2,3,4,1,5,6,7,7,3,3,3,5	0.000714286	0.572143	<1e-06	>714.796
0,1,2,3,4,1,5,6,7,7,3,3,3,6	0.000714286	0.572857	<1e-06	>714.796
0,1,2,3,4,1,2,2,2,2,5,5,5,6	0.000714286	0.573571	<1e-06	>714.796
0,1,2,3,4,1,5,6,7,7,3,8,3,6	0.000714286	0.574286	<1e-06	>714.796
0,1,2,3,4,1,2,2,2,2,5,5,3,0	0.000714286	0.575	<1e-06	>714.796
0,1,2,3,4,1,2,2,2,2,3,3,5,6	0.000714286	0.575714	<1e-06	>714.796
0,1,2,3,4,1,2,2,2,2,3,3,5,2	0.000714286	0.576429	<1e-06	>714.796
0,1,2,3,4,1,5,6,7,7,3,8,8,9	0.000714286	0.577143	1e-06	714.796
0,1,2,3,4,1,0,5,0,5,3,3,3,6	0.000714286	0.577857	<1e-06	>714.796
0,1,2,3,4,1,5,6,7,7,3,8,9,6	0.000714286	0.578571	<1e-06	>714.796
0,1,2,3,4,1,5,6,7,7,8,3,3,9	0.000714286	0.579286	<1e-06	>714.796
0,1,2,3,4,1,5,6,7,8,3,3,9,5	0.000714286	0.58	<1e-06	>714.796
0,1,2,3,4,1,5,6,7,8,3,3,9,8	0.000714286	0.580714	<1e-06	>714.796
0,1,0,2,3,1,0,0,0,0,4,2,5,6	0.000714286	0.581429	<1e-06	>714.796
0,1,2,3,4,1,2,2,0,5,3,3,3,6	0.000714286	0.582143	<1e-06	>714.796
0,1,2,3,4,1,2,2,0,2,3,3,3,5	0.000714286	0.582857	<1e-06	>714.796
0,1,2,3,4,1,2,2,0,2,3,3,3,0	0.000714286	0.583571	<1e-06	>714.796
0,1,2,3,4,1,2,0,5,2,3,3,3,5	0.000714286	0.584286	<1e-06	>714.796
0,1,2,3,4,1,2,0,5,0,3,3,3,0	0.000714286	0.585	<1e-06	>714.796
0,1,2,3,4,1,2,0,2,5,3,3,3,6	0.000714286	0.585714	<1e-06	>714.796
0,1,2,3,4,1,5,6,7,8,3,9,3,10	0.000714286	0.586429	<1e-06	>714.796
0,1,2,3,4,1,5,6,7,8,3,9,9,8	0.000714286	0.587143	<1e-06	>714.796
0,1,2,3,4,1,0,5,6,7,3,3,3,7	0.000714286	0.587857	<1e-06	>714.796
0,1,2,3,4,1,0,5,2,6,3,3,3,0	0.000714286	0.588571	<1e-06	>714.796
0,1,2,3,4,1,0,5,2,6,3,3,3,5	0.000714286	0.589286	<1e-06	>714.796
0,1,2,3,4,1,0,5,2,6,3,3,3,6	0.000714286	0.59	<1e-06	>714.796
0,1,2,3,4,1,0,5,6,7,3,3,3,5	0.000714286	0.590714	<1e-06	>714.796
0,1,2,3,4,1,0,5,6,7,3,3,3,0	0.000714286	0.591429	<1e-06	>714.796
0,1,2,3,4,1,5,6,7,8,9,9,9,7	0.000714286	0.592143	1e-06	714.796
0,1,2,3,4,5,2,0,2,2,3,3,3,6	0.000714286	0.592857	<1e-06	>714.796
0,1,2,3,4,5,2,2,2,6,3,3,3,7	0.000714286	0.593571	<1e-06	>714.796
0,1,2,3,4,1,5,5,2,2,6,3,3,7	0.000714286	0.594286	<1e-06	>714.796
0,1,2,3,4,1,2,5,5,5,3,3,3,2	0.000714286	0.595	<1e-06	>714.796
0,1,0,2,0,1,0,0,0,3,4,2,4,0	0.000357143	0.595357	<1e-06	>357.27
0,1,2,3,4,5,6,7,8,9,10,3,3,11	0.000357143	0.595714	1.4e-05	25.519
0,1,2,3,4,1,0,5,5,4,3,3,3,0	0.000357143	0.596071	<1e-06	>357.27
0,1,2,3,4,1,0,5,5,5,3,3,3,5	0.000357143	0.596429	<1e-06	>357.27
0,1,2,3,4,1,0,5,5,6,3,3,3,0	0.000357143	0.596786	<1e-06	>357.27
0,1,2,3,4,1,0,5,5,6,3,3,3,5	0.000357143	0.597143	<1e-06	>357.27
0,1,2,3,4,1,0,5,5,6,3,3,3,6	0.000357143	0.5975	<1e-06	>357.27
0,1,2,3,4,1,0,5,5,6,3,3,3,7	0.000357143	0.597857	<1e-06	>357.27
0,1,2,3,4,1,0,5,5,6,3,7,3,8	0.000357143	0.598214	<1e-06	>357.27
0,1,2,3,4,1,0,5,5,6,7,3,3,8	0.000357143	0.598571	<1e-06	>357.27
0,1,2,3,4,1,0,5,5,0,6,6,6,5	0.000357143	0.598929	<1e-06	>357.27
0,1,2,3,4,1,0,5,5,0,6,3,6,0	0.000357143	0.599286	<1e-06	>357.27
0,1,2,3,4,1,0,5,6,0,3,3,3,6	0.000357143	0.599643	<1e-06	>357.27
0,1,2,3,4,1,0,5,5,0,3,6,3,5	0.000357143	0.6	<1e-06	>357.27
0,1,2,3,4,1,0,5,6,2,3,3,3,0	0.000357143	0.600357	<1e-06	>357.27
0,1,2,3,4,1,0,5,6,2,3,7,3,5	0.000357143	0.600714	<1e-06	>357.27
0,1,2,3,4,1,0,5,6,2,3,7,8,5	0.000357143	0.601071	<1e-06	>357.27
0,1,2,3,4,1,0,5,6,2,7,3,3,8	0.000357143	0.601429	<1e-06	>357.27
0,1,2,3,4,1,0,5,6,4,3,7,7,5	0.000357143	0.601786	<1e-06	>357.27
0,1,2,3,4,1,0,5,6,5,3,3,3,0	0.000357143	0.602143	<1e-06	>357.27
0,1,2,3,4,1,0,5,6,5,3,3,7,5	0.000357143	0.6025	<1e-06	>357.27
0,1,2,3,4,1,0,5,6,5,3,3,7,8	0.000357143	0.602857	<1e-06	>357.27
0,1,2,3,4,1,0,5,6,5,7,7,7,5	0.000357143	0.603214	<1e-06	>357.27
0,1,2,3,4,1,0,5,5,0,3,3,3,0	0.000357143	0.603571	<1e-06	>357.27
0,1,2,3,4,1,0,5,6,6,3,3,3,5	0.000357143	0.603929	<1e-06	>357.27
0,1,2,3,4,1,0,5,4,6,3,3,3,0	0.000357143	0.604286	<1e-06	>357.27
0,1,2,3,4,1,0,5,6,6,3,3,7,5	0.000357143	0.604643	<1e-06	>357.27
0,1,2,3,4,1,0,5,2,6,3,7,7,6	0.000357143	0.605	<1e-06	>357.27
0,1,2,3,4,1,0,5,2,6,3,3,3,7	0.000357143	0.605357	<1e-06	>357.27
0,1,2,3,4,1,0,5,2,5,3,3,3,6	0.000357143	0.605714	<1e-06	>357.27
0,1,2,3,4,1,0,5,6,7,3,3,3,8	0.000357143	0.606071	1e-06	357.27
0,1,2,3,4,1,0,5,6,7,3,3,8,0	0.000357143	0.606429	<1e-06	>357.27
0,1,2,3,4,1,0,5,6,7,3,8,3,7	0.000357143	0.606786	<1e-06	>357.27
0,1,2,3,4,1,0,5,6,7,3,8,9,10	0.000357143	0.607143	1e-06	357.27
0,1,2,3,4,1,2,0,0,0,3,3,3,0	0.000357143	0.6075	<1e-06	>357.27
0,1,2,3,4,1,0,5,2,2,3,3,6,7	0.000357143	0.607857	<1e-06	>357.27
0,1,2,3,4,1,2,0,0,0,3,5,3,0	0.000357143	0.608214	<1e-06	>357.27
0,1,2,3,4,1,2,0,0,0,5,5,3,6	0.000357143	0.608571	<1e-06	>357.27
0,1,2,3,4,1,2,0,0,2,3,3,3,2	0.000357143	0.608929	<1e-06	>357.27
0,1,2,3,4,1,2,0,0,2,5,5,5,0	0.000357143	0.609286	<1e-06	>357.27
0,1,2,3,4,1,2,0,0,5,3,3,3,0	0.000357143	0.609643	<1e-06	>357.27
0,1,2,3,4,1,0,5,2,2,3,3,3,0	0.000357143	0.61	<1e-06	>357.27
0,1,2,3,4,1,2,0,0,5,3,3,6,5	0.000357143	0.610357	<1e-06	>357.27
0,1,2,3,4,1,2,0,2,0,3,3,3,0	0.000357143	0.610714	<1e-06	>357.27
0,1,2,3,4,1,2,0,2,0,3,5,3,6	0.000357143	0.611071	<1e-06	>357.27
0,1,2,3,4,1,2,0,2,0,3,5,5,6	0.000357143	0.611429	<1e-06	>357.27
0,1,2,3,4,1,2,0,2,2,3,3,3,0	0.000357143	0.611786	<1e-06	>357.27
0,1,2,3,4,1,2,0,2,2,3,3,3,2	0.000357143	0.612143	<1e-06	>357.27
0,1,2,3,4,1,2,0,2,2,3,3,3,5	0.000357143	0.6125	<1e-06	>357.27
0,1,2,3,4,1,0,5,2,0,3,3,3,6	0.000357143	0.612857	<1e-06	>357.27
0,1,2,3,4,1,2,0,2,5,6,6,3,0	0.000357143	0.613214	<1e-06	>357.27
0,1,2,3,4,1,2,0,2,5,6,6,6,5	0.000357143	0.613571	<1e-06	>357.27
0,1,2,3,4,1,2,0,4,0,3,3,3,5	0.000357143	0.613929	<1e-06	>357.27
0,1,2,3,4,1,0,5,2,0,3,3,3,0	0.000357143	0.614286	<1e-06	>357.27
0,1,2,3,4,1,2,0,5,0,3,3,6,0	0.000357143	0.614643	<1e-06	>357.27
0,1,2,3,4,1,2,0,5,0,6,3,6,0	0.000357143	0.615	<1e-06	>357.27
0,1,2,3,4,1,2,0,5,0,6,6,6,5	0.000357143	0.615357	<1e-06	>357.27
0,1,2,3,4,1,0,5,0,6,7,8,9,6	0.000357143	0.615714	<1e-06	>357.27
0,1,2,3,4,1,2,0,5,5,3,3,3,0	0.000357143	0.616071	<1e-06	>357.27
0,1,2,3,4,1,2,0,5,5,3,3,6,7	0.000357143	0.616429	<1e-06	>357.27
0,1,2,3,4,1,2,0,5,6,3,3,3,0	0.000357143	0.616786	<1e-06	>357.27
0,1,2,3,4,1,2,0,5,6,3,3,7,0	0.000357143	0.617143	<1e-06	>357.27
0,1,2,3,4,1,2,0,5,6,7,3,3,0	0.000357143	0.6175	<1e-06	>357.27
0,1,2,3,4,1,2,0,5,6,7,3,7,5	0.000357143	0.617857	<1e-06	>357.27
0,1,2,3,4,1,2,2,0,0,3,3,3,0	0.000357143	0.618214	<1e-06	>357.27
0,1,2,3,4,1,2,2,0,0,3,3,3,5	0.000357143	0.618571	<1e-06	>357.27
0,1,2,3,4,1,2,2,0,0,3,5,3,0	0.000357143	0.618929	<1e-06	>357.27
0,1,2,3,4,1,2,2,0,0,5,3,3,0	0.000357143	0.619286	<1e-06	>357.27
0,1,2,3,4,1,0,5,0,6,7,7,3,0	0.000357143	0.619643	<1e-06	>357.27
0,1,2,3,4,1,0,5,0,6,7,3,8,0	0.000357143	0.62	<1e-06	>357.27
0,1,2,3,4,1,2,2,0,5,3,3,3,0	0.000357143	0.620357	<1e-06	>357.27
0,1,2,3,4,1,2,2,0,5,3,3,3,5	0.000357143	0.620714	<1e-06	>357.27
0,1,2,3,4,1,0,5,0,6,3,7,7,8	0.000357143	0.621071	<1e-06	>357.27
0,1,2,3,4,1,2,2,0,5,6,3,6,0	0.000357143	0.621429	<1e-06	>357.27
0,1,2,3,4,1,2,2,0,5,6,7,7,0	0.000357143	0.621786	<1e-06	>357.27
0,1,2,3,4,1,2,2,2,0,3,3,3,0	0.000357143	0.622143	<1e-06	>357.27
0,1,2,3,4,1,2,2,2,0,3,3,3,2	0.000357143	0.6225	<1e-06	>357.27
0,1,2,3,4,1,0,5,0,6,3,3,7,8	0.000357143	0.622857	<1e-06	>357.27
0,1,2,3,4,1,2,2,2,0,3,5,3,6	0.000357143	0.623214	<1e-06	>357.27
0,1,2,3,4,1,2,2,2,0,5,3,5,2	0.000357143	0.623571	<1e-06	>357.27
0,1,2,3,4,1,2,2,2,0,5,6,6,7	0.000357143	0.623929	<1e-06	>357.27
0,1,2,3,4,1,0,5,0,6,3,3,3,5	0.000357143	0.624286	<1e-06	>357.27
0,1,2,3,4,1,0,5,0,5,6,6,3,0	0.000357143	0.624643	<1e-06	>357.27
0,1,2,3,4,1,0,5,0,2,3,3,3,6	0.000357143	0.625	<1e-06	>357.27
0,1,2,3,4,1,2,2,2,2,3,3,5,0	0.000357143	0.625357	<1e-06	>357.27
0,1,2,3,4,1,0,5,0,0,6,6,3,7	0.000357143	0.625714	<1e-06	>357.27
0,1,2,3,4,1,0,5,0,0,6,3,3,2	0.000357143	0.626071	<1e-06	>357.27
0,1,2,3,4,1,2,2,2,2,3,5,3,0	0.000357143	0.626429	<1e-06	>357.27
0,1,2,3,4,1,2,2,2,2,3,5,3,6	0.000357143	0.626786	<1e-06	>357.27
0,1,2,3,4,1,2,2,2,2,5,3,3,6	0.000357143	0.627143	<1e-06	>357.27
0,1,2,3,4,1,2,2,2,2,5,3,5,2	0.000357143	0.6275	<1e-06	>357.27
0,1,2,3,4,1,0,5,0,0,6,3,3,0	0.000357143	0.627857	<1e-06	>357.27
0,1,2,3,4,1,0,5,0,0,3,6,3,0	0.000357143	0.628214	<1e-06	>357.27
0,1,2,3,4,1,2,2,2,2,5,5,3,6	0.000357143	0.628571	<1e-06	>357.27
0,1,2,3,4,1,2,2,2,2,5,5,5,0	0.000357143	0.628929	<1e-06	>357.27
0,1,2,3,4,1,2,2,2,2,5,5,5,2	0.000357143	0.629286	<1e-06	>357.27
0,1,2,3,4,1,0,5,0,0,3,3,6,0	0.000357143	0.629643	<1e-06	>357.27
0,1,2,3,4,1,2,2,2,2,5,5,6,0	0.000357143	0.63	<1e-06	>357.27
0,1,2,3,4,1,2,2,2,2,5,5,6,7	0.000357143	0.630357	<1e-06	>357.27
0,1,2,3,4,1,0,4,2,5,3,3,3,6	0.000357143	0.630714	<1e-06	>357.27
0,1,2,3,4,1,2,2,2,2,5,6,5,2	0.000357143	0.631071	<1e-06	>357.27
0,1,2,3,4,1,0,2,5,6,3,7,7,0	0.000357143	0.631429	<1e-06	>357.27
0,1,2,3,4,1,2,2,2,4,3,3,3,5	0.000357143	0.631786	<1e-06	>357.27
0,1,2,3,4,1,0,2,5,6,3,3,3,5	0.000357143	0.632143	<1e-06	>357.27
0,1,2,3,4,1,0,2,5,6,3,3,3,0	0.000357143	0.6325	<1e-06	>357.27
0,1,2,3,4,1,0,2,5,5,3,3,3,6	0.000357143	0.632857	<1e-06	>357.27
0,1,2,3,4,1,0,2,5,2,6,6,6,7	0.000357143	0.633214	<1e-06	>357.27
0,1,2,3,4,1,0,2,5,2,6,3,3,5	0.000357143	0.633571	<1e-06	>357.27
0,1,2,3,4,1,0,2,5,2,3,6,3,7	0.000357143	0.633929	<1e-06	>357.27
0,1,2,3,4,1,2,2,2,5,3,3,6,5	0.000357143	0.634286	<1e-06	>357.27
0,1,2,3,4,1,0,2,5,2,3,3,3,2	0.000357143	0.634643	<1e-06	>357.27
0,1,2,3,4,1,2,2,2,5,3,6,3,0	0.000357143	0.635	<1e-06	>357.27
0,1,2,3,4,1,2,2,2,5,3,6,3,7	0.000357143	0.635357	<1e-06	>357.27
0,1,2,3,4,1,2,2,2,5,3,6,6,7	0.000357143	0.635714	<1e-06	>357.27
0,1,2,3,4,1,2,2,2,5,6,3,3,0	0.000357143	0.636071	<1e-06	>357.27
0,1,2,3,4,1,2,2,2,5,6,3,3,5	0.000357143	0.636429	<1e-06	>357.27
0,1,2,3,4,1,2,2,2,5,6,3,6,0	0.000357143	0.636786	<1e-06	>357.27
0,1,2,3,4,1,2,2,2,5,6,3,6,7	0.000357143	0.637143	<1e-06	>357.27
0,1,2,3,4,1,0,2,5,0,6,7,3,8	0.000357143	0.6375	<1e-06	>357.27
0,1,2,3,4,1,2,2,2,5,6,6,6,5	0.000357143	0.637857	<1e-06	>357.27
0,1,2,3,4,1,2,2,2,5,6,7,6,5	0.000357143	0.638214	<1e-06	>357.27
0,1,2,3,4,1,2,2,4,4,3,3,3,5	0.000357143	0.638571	<1e-06	>357.27
0,1,2,3,4,1,2,2,4,5,3,3,3,6	0.000357143	0.638929	<1e-06	>357.27
0,1,2,3,4,1,2,2,5,0,3,3,3,0	0.000357143	0.639286	<1e-06	>357.27
0,1,2,3,4,1,2,2,5,0,3,3,3,2	0.000357143	0.639643	<1e-06	>357.27
0,1,2,3,4,1,2,2,5,0,3,3,3,5	0.000357143	0.64	<1e-06	>357.27
0,1,2,3,4,1,0,2,5,0,6,6,3,5	0.000357143	0.640357	<1e-06	>357.27
0,1,2,3,4,1,2,2,5,0,6,3,3,7	0.000357143	0.640714	<1e-06	>357.27
0,1,2,3,4,1,0,2,5,0,3,3,6,0	0.000357143	0.641071	<1e-06	>357.27
0,1,2,3,4,1,0,2,5,0,3,3,3,6	0.000357143	0.641429	<1e-06	>357.27
0,1,2,3,4,1,0,2,5,0,3,3,3,5	0.000357143	0.641786	<1e-06	>357.27
0,1,2,3,4,1,0,2,2,5,3,3,3,0	0.000357143	0.642143	<1e-06	>357.27
0,1,2,3,4,1,2,2,5,2,3,3,6,2	0.000357143	0.6425	<1e-06	>357.27
0,1,2,3,4,1,2,2,5,2,3,3,6,7	0.000357143	0.642857	<1e-06	>357.27
0,1,2,3,4,1,0,2,2,4,3,5,5,2	0.000357143	0.643214	<1e-06	>357.27
0,1,2,3,4,1,0,2,2,2,3,3,3,2	0.000357143	0.643571	<1e-06	>357.27
0,1,2,3,4,1,2,2,5,2,3,6,6,7	0.000357143	0.643929	<1e-06	>357.27
0,1,2,3,4,1,2,2,5,2,6,3,3,7	0.000357143	0.644286	<1e-06	>357.27
0,1,2,3,4,1,2,2,5,2,6,6,3,0	0.000357143	0.644643	<1e-06	>357.27
0,1,2,3,4,1,2,2,5,2,6,6,3,7	0.000357143	0.645	<1e-06	>357.27
0,1,2,3,4,1,2,2,5,2,6,6,6,2	0.000357143	0.645357	<1e-06	>357.27
0,1,2,3,4,1,2,2,5,2,6,6,6,7	0.000357143	0.645714	<1e-06	>357.27
0,1,2,3,4,1,2,2,5,5,3,3,3,0	0.000357143	0.646071	<1e-06	>357.27
0,1,2,3,4,1,2,2,5,5,3,3,3,5	0.000357143	0.646429	<1e-06	>357.27
0,1,2,3,4,1,0,2,2,2,3,3,3,0	0.000357143	0.646786	<1e-06	>357.27
0,1,2,3,4,1,2,2,5,5,3,3,6,2	0.000357143	0.647143	<1e-06	>357.27
0,1,2,3,4,1,2,2,5,5,3,3,6,5	0.000357143	0.6475	<1e-06	>357.27
0,1,2,3,4,1,2,2,5,5,3,6,3,0	0.000357143	0.647857	<1e-06	>357.27
0,1,2,3,4,1,0,2,2,0,3,3,3,2	0.000357143	0.648214	<1e-06	>357.27
0,1,2,3,4,1,2,2,5,5,3,6,3,7	0.000357143	0.648571	<1e-06	>357.27
0,1,2,3,4,1,2,2,5,5,6,3,3,7	0.000357143	0.648929	<1e-06	>357.27
0,1,2,3,4,1,2,2,5,5,6,6,3,5	0.000357143	0.649286	<1e-06	>357.27
0,1,2,3,4,1,2,2,5,6,3,3,1,7	0.000357143	0.649643	<1e-06	>357.27
0,1,2,3,4,1,2,2,5,6,3,3,3,0	0.000357143	0.65	<1e-06	>357.27
0,1,2,3,4,1,0,2,0,5,6,7,6,2	0.000357143	0.650357	<1e-06	>357.27
0,1,2,3,4,1,0,2,0,5,6,3,3,7	0.000357143	0.650714	<1e-06	>357.27
0,1,2,3,4,1,0,2,0,5,3,3,6,0	0.000357143	0.651071	<1e-06	>357.27
0,1,2,3,4,1,0,2,0,5,3,3,3,5	0.000357143	0.651429	<1e-06	>357.27
0,1,2,3,4,1,0,2,0,2,5,5,5,6	0.000357143	0.651786	<1e-06	>357.27
0,1,2,3,4,1,2,2,5,6,3,7,3,2	0.000357143	0.652143	<1e-06	>357.27
0,1,2,3,4,1,2,2,5,6,3,7,3,8	0.000357143	0.6525	<1e-06	>357.27
0,1,2,3,4,1,2,2,5,6,7,3,3,0	0.000357143	0.652857	<1e-06	>357.27
0,1,2,3,4,1,0,2,0,2,3,3,3,0	0.000357143	0.653214	<1e-06	>357.27
0,1,2,3,4,1,2,2,5,6,7,7,3,2	0.000357143	0.653571	<1e-06	>357.27
0,1,2,3,4,1,2,2,5,6,7,7,3,8	0.000357143	0.653929	<1e-06	>357.27
0,1,2,3,4,1,2,2,5,6,7,7,7,0	0.000357143	0.654286	<1e-06	>357.27
0,1,2,3,4,1,2,2,5,6,7,7,7,5	0.000357143	0.654643	<1e-06	>357.27
0,1,2,3,4,1,0,2,0,0,3,3,3,5	0.000357143	0.655	<1e-06	>357.27
0,1,2,3,4,1,2,2,5,6,7,7,7,8	0.000357143	0.655357	<1e-06	>357.27
0,1,2,3,4,1,0,2,0,0,3,3,3,0	0.000357143	0.655714	<1e-06	>357.27
0,1,2,3,4,1,2,2,5,6,7,8,3,5	0.000357143	0.656071	<1e-06	>357.27
0,1,2,3,4,1,0,0,5,6,7,7,7,8	0.000357143	0.656429	<1e-06	>357.27
0,1,2,3,4,1,2,4,2,2,3,3,3,0	0.000357143	0.656786	<1e-06	>357.27
0,1,2,3,4,1,2,4,4,2,5,3,3,4	0.000357143	0.657143	<1e-06	>357.27
0,1,2,3,4,1,2,4,5,2,3,3,3,0	0.000357143	0.6575	<1e-06	>357.27
0,1,2,3,4,1,2,4,5,2,3,3,3,6	0.000357143	0.657857	<1e-06	>357.27
0,1,2,3,4,1,2,5,0,0,3,3,3,0	0.000357143	0.658214	<1e-06	>357.27
0,1,2,3,4,1,0,0,5,6,7,3,7,8	0.000357143	0.658571	<1e-06	>357.27
0,1,2,3,4,1,2,5,0,0,3,6,3,0	0.000357143	0.658929	<1e-06	>357.27
0,1,2,3,4,1,0,0,5,6,7,3,3,0	0.000357143	0.659286	<1e-06	>357.27
0,1,2,3,4,1,2,5,0,2,6,1,3,7	0.000357143	0.659643	<1e-06	>357.27
0,1,2,3,4,1,2,5,0,6,3,3,3,6	0.000357143	0.66	<1e-06	>357.27
0,1,2,3,4,1,2,5,0,6,7,3,3,2	0.000357143	0.660357	<1e-06	>357.27
0,1,2,3,4,1,2,5,0,6,7,7,7,8	0.000357143	0.660714	<1e-06	>357.27
0,1,2,3,4,1,2,5,2,0,3,3,3,0	0.000357143	0.661071	<1e-06	>357.27
0,1,2,3,4,1,2,5,2,0,3,3,3,5	0.000357143	0.661429	<1e-06	>357.27
0,1,2,3,4,1,0,0,5,6,3,7,7,6	0.000357143	0.661786	<1e-06	>357.27
0,1,2,3,4,1,0,0,5,6,3,7,3,8	0.000357143	0.662143	<1e-06	>357.27
0,1,2,3,4,1,2,5,2,0,6,3,3,0	0.000357143	0.6625	<1e-06	>357.27
0,1,2,3,4,1,2,5,2,2,3,3,1,5	0.000357143	0.662857	<1e-06	>357.27
0,1,2,3,4,1,2,5,2,2,3,3,3,0	0.000357143	0.663214	<1e-06	>357.27
0,1,2,3,4,1,0,0,5,6,3,3,3,5	0.000357143	0.663571	<1e-06	>357.27
0,1,2,3,4,1,2,5,2,2,3,3,3,5	0.000357143	0.663929	<1e-06	>357.27
0,1,2,3,4,1,0,0,5,5,6,6,7,8	0.000357143	0.664286	<1e-06	>357.27
0,1,2,3,4,1,2,5,2,2,3,3,6,0	0.000357143	0.664643	<1e-06	>357.27
0,1,2,3,4,1,2,5,2,2,3,3,6,7	0.000357143	0.665	<1e-06	>357.27
0,1,2,3,4,1,0,0,5,5,6,3,6,7	0.000357143	0.665357	<1e-06	>357.27
0,1,2,3,4,1,2,5,2,2,3,6,3,5	0.000357143	0.665714	<1e-06	>357.27
0,1,2,3,4,1,2,5,2,2,3,6,3,7	0.000357143	0.666071	<1e-06	>357.27
0,1,2,3,4,1,2,5,2,2,3,6,6,0	0.000357143	0.666429	<1e-06	>357.27
0,1,2,3,4,1,2,5,2,2,3,6,6,2	0.000357143	0.666786	<1e-06	>357.27
0,1,2,3,4,1,2,5,2,2,3,6,6,7	0.000357143	0.667143	<1e-06	>357.27
0,1,2,3,4,1,2,5,2,2,6,3,3,2	0.000357143	0.6675	<1e-06	>357.27
0,1,2,3,4,1,2,5,2,2,6,6,3,7	0.000357143	0.667857	<1e-06	>357.27
0,1,2,3,4,1,2,5,2,2,6,6,6,4	0.000357143	0.668214	<1e-06	>357.27
0,1,2,3,4,1,2,5,2,2,6,6,6,7	0.000357143	0.668571	<1e-06	>357.27
0,1,2,3,4,1,2,5,2,5,3,1,6,0	0.000357143	0.668929	<1e-06	>357.27
0,1,2,3,4,1,2,5,2,5,3,3,3,2	0.000357143	0.669286	<1e-06	>357.27
0,1,2,3,4,1,0,0,5,5,3,3,3,0	0.000357143	0.669643	<1e-06	>357.27
0,1,2,3,4,1,0,0,5,2,6,6,6,0	0.000357143	0.67	<1e-06	>357.27
0,1,2,3,4,1,2,5,2,5,3,3,6,7	0.000357143	0.670357	<1e-06	>357.27
0,1,2,3,4,1,2,5,2,5,3,6,3,5	0.000357143	0.670714	<1e-06	>357.27
0,1,2,3,4,1,2,5,2,5,3,6,3,7	0.000357143	0.671071	<1e-06	>357.27
0,1,2,3,4,1,0,0,5,2,6,3,3,0	0.000357143	0.671429	<1e-06	>357.27
0,1,2,3,4,1,2,5,2,5,6,6,6,7	0.000357143	0.671786	<1e-06	>357.27
0,1,2,3,4,1,0,0,5,2,3,3,3,0	0.000357143	0.672143	<1e-06	>357.27
0,1,2,3,4,1,0,0,5,0,6,7,8,9	0.000357143	0.6725	<1e-06	>357.27
0,1,2,3,4,1,2,5,2,6,3,3,3,5	0.000357143	0.672857	<1e-06	>357.27
0,1,2,3,4,1,0,0,5,0,6,7,7,8	0.000357143	0.673214	<1e-06	>357.27
0,1,2,3,4,1,0,0,5,0,6,6,6,7	0.000357143	0.673571	<1e-06	>357.27
0,1,2,3,4,1,2,5,2,6,3,7,3,5	0.000357143	0.673929	<1e-06	>357.27
0,1,2,3,4,1,2,5,2,6,3,7,3,6	0.000357143	0.674286	<1e-06	>357.27
0,1,2,3,4,1,2,5,2,6,3,7,7,5	0.000357143	0.674643	<1e-06	>357.27
0,1,2,3,4,1,0,0,5,0,3,6,3,7	0.000357143	0.675	<1e-06	>357.27
0,1,2,3,4,1,0,0,5,0,3,6,3,0	0.000357143	0.675357	<1e-06	>357.27
0,1,2,3,4,1,2,5,2,6,7,3,7,0	0.000357143	0.675714	<1e-06	>357.27
0,1,2,3,4,1,2,5,2,6,7,7,3,6	0.000357143	0.676071	<1e-06	>357.27
0,1,2,3,4,1,2,5,2,6,7,7,7,8	0.000357143	0.676429	<1e-06	>357.27
0,1,2,3,4,1,2,5,4,2,3,3,3,5	0.000357143	0.676786	<1e-06	>357.27
0,1,2,3,4,1,0,0,5,0,3,3,6,0	0.000357143	0.677143	<1e-06	>357.27
0,1,2,3,4,1,2,5,5,0,3,6,3,7	0.000357143	0.6775	<1e-06	>357.27
0,1,2,3,4,1,2,5,5,0,3,6,7,0	0.000357143	0.677857	<1e-06	>357.27
0,1,2,3,4,1,2,5,5,2,3,3,3,0	0.000357143	0.678214	<1e-06	>357.27
0,1,2,3,4,1,0,0,5,0,3,3,3,6	0.000357143	0.678571	<1e-06	>357.27
0,1,2,3,4,1,0,0,5,0,3,3,3,2	0.000357143	0.678929	<1e-06	>357.27
0,1,2,3,4,1,0,0,2,5,3,6,7,0	0.000357143	0.679286	<1e-06	>357.27
0,1,2,3,4,1,2,5,5,2,3,3,6,7	0.000357143	0.679643	<1e-06	>357.27
0,1,2,3,4,1,2,5,5,2,3,6,3,2	0.000357143	0.68	<1e-06	>357.27
0,1,2,3,4,1,2,5,5,2,6,6,6,2	0.000357143	0.680357	<1e-06	>357.27
0,1,2,3,4,1,2,5,5,2,6,7,3,5	0.000357143	0.680714	<1e-06	>357.27
0,1,2,3,4,1,2,5,5,4,3,3,3,0	0.000357143	0.681071	<1e-06	>357.27
0,1,2,3,4,1,0,0,2,5,3,6,3,0	0.000357143	0.681429	<1e-06	>357.27
0,1,2,3,4,1,0,0,2,2,3,5,3,2	0.000357143	0.681786	<1e-06	>357.27
0,1,2,3,4,1,0,0,2,2,3,3,3,5	0.000357143	0.682143	<1e-06	>357.27
0,1,2,3,4,1,0,0,2,0,5,5,5,0	0.000357143	0.6825	<1e-06	>357.27
0,1,2,3,4,1,2,5,5,5,3,6,3,0	0.000357143	0.682857	<1e-06	>357.27
0,1,2,3,4,1,2,5,5,5,6,3,3,2	0.000357143	0.683214	<1e-06	>357.27
0,1,2,3,4,1,2,5,5,5,6,3,3,5	0.000357143	0.683571	<1e-06	>357.27
0,1,2,3,4,1,0,0,2,0,3,5,5,0	0.000357143	0.683929	<1e-06	>357.27
0,1,2,3,4,1,0,0,2,0,3,5,3,0	0.000357143	0.684286	<1e-06	>357.27
0,1,2,3,4,1,2,5,5,5,6,6,6,7	0.000357143	0.684643	<1e-06	>357.27
0,1,2,3,4,1,2,5,5,6,3,3,3,2	0.000357143	0.685	<1e-06	>357.27
0,1,2,3,4,1,0,0,2,0,3,3,5,0	0.000357143	0.685357	<1e-06	>357.27
0,1,2,3,4,1,0,0,0,5,6,7,3,8	0.000357143	0.685714	1e-06	357.27
0,1,2,3,4,1,0,0,0,5,6,6,6,0	0.000357143	0.686071	<1e-06	>357.27
0,1,2,3,4,1,2,5,5,6,3,7,3,6	0.000357143	0.686429	<1e-06	>357.27
0,1,2,3,4,1,2,5,5,6,7,3,3,8	0.000357143	0.686786	<1e-06	>357.27
0,1,2,3,4,1,2,5,5,6,7,3,7,0	0.000357143	0.687143	<1e-06	>357.27
0,1,2,3,4,1,2,5,5,6,7,7,3,0	0.000357143	0.6875	<1e-06	>357.27
0,1,2,3,4,1,0,0,0,5,6,6,3,0	0.000357143	0.687857	<1e-06	>357.27
0,1,2,3,4,1,0,0,0,5,6,3,6,5	0.000357143	0.688214	<1e-06	>357.27
0,1,2,3,4,1,2,5,6,0,3,7,3,8	0.000357143	0.688571	<1e-06	>357.27
0,1,2,3,4,1,2,5,6,0,7,3,7,5	0.000357143	0.688929	<1e-06	>357.27
0,1,2,3,4,1,2,5,6,0,7,8,3,5	0.000357143	0.689286	<1e-06	>357.27
0,1,2,3,4,1,2,5,6,2,3,3,3,0	0.000357143	0.689643	<1e-06	>357.27
0,1,2,3,4,1,0,0,0,5,6,3,3,7	0.000357143	0.69	<1e-06	>357.27
0,1,2,3,4,1,2,5,6,2,3,3,3,5	0.000357143	0.690357	<1e-06	>357.27
0,1,2,3,4,1,0,0,0,5,3,6,7,8	0.000357143	0.690714	<1e-06	>357.27
0,1,2,3,4,1,0,0,0,5,3,6,3,7	0.000357143	0.691071	<1e-06	>357.27
0,1,2,3,4,1,2,5,6,2,3,3,7,8	0.000357143	0.691429	<1e-06	>357.27
0,1,2,3,4,1,2,5,6,2,3,7,8,0	0.000357143	0.691786	<1e-06	>357.27
0,1,2,3,4,1,2,5,6,2,7,3,3,5	0.000357143	0.692143	<1e-06	>357.27
0,1,2,3,4,1,2,5,6,2,7,3,7,8	0.000357143	0.6925	<1e-06	>357.27
0,1,2,3,4,1,2,5,6,2,7,7,3,8	0.000357143	0.692857	<1e-06	>357.27
0,1,2,3,4,1,2,5,6,2,7,7,7,2	0.000357143	0.693214	1e-06	357.27
0,1,2,3,4,1,2,5,6,2,7,8,7,9	0.000357143	0.693571	<1e-06	>357.27
0,1,2,3,4,1,2,5,6,5,3,3,3,0	0.000357143	0.693929	<1e-06	>357.27
0,1,2,3,4,1,0,0,0,5,3,6,3,0	0.000357143	0.694286	<1e-06	>357.27
0,1,2,3,4,1,2,5,6,5,3,7,3,8	0.000357143	0.694643	<1e-06	>357.27
0,1,2,3,4,1,2,5,6,5,7,7,3,5	0.000357143	0.695	<1e-06	>357.27
0,1,2,3,4,1,0,0,0,5,3,3,6,7	0.000357143	0.695357	<1e-06	>357.27
0,1,2,3,4,1,2,5,6,5,7,7,7,8	0.000357143	0.695714	<1e-06	>357.27
0,1,2,3,4,1,2,5,6,6,3,3,3,0	0.000357143	0.696071	<1e-06	>357.27
0,1,2,3,4,1,2,5,6,6,3,3,3,5	0.000357143	0.696429	<1e-06	>357.27
0,1,2,3,4,1,0,0,0,5,3,3,3,5	0.000357143	0.696786	<1e-06	>357.27
0,1,2,3,4,1,0,0,0,4,3,3,3,5	0.000357143	0.697143	<1e-06	>357.27
0,1,2,3,4,1,2,5,6,6,3,7,3,5	0.000357143	0.6975	<1e-06	>357.27
0,1,2,3,4,1,2,5,6,6,7,7,3,8	0.000357143	0.697857	<1e-06	>357.27
0,1,2,3,4,1,2,5,6,6,7,7,7,0	0.000357143	0.698214	<1e-06	>357.27
0,1,2,3,4,1,2,5,6,6,7,7,7,6	0.000357143	0.698571	<1e-06	>357.27
0,1,2,3,4,1,0,0,0,2,5,5,5,0	0.000357143	0.698929	<1e-06	>357.27
0,1,2,3,4,1,2,5,6,7,3,3,3,0	0.000357143	0.699286	1e-06	357.27
0,1,2,3,4,1,0,0,0,2,5,5,3,6	0.000357143	0.699643	<1e-06	>357.27
0,1,2,3,4,1,2,5,6,7,3,3,3,5	0.000357143	0.7	<1e-06	>357.27
0,1,2,3,4,1,2,5,6,7,3,3,3,7	0.000357143	0.700357	<1e-06	>357.27
0,1,2,3,4,1,0,0,0,2,5,5,3,0	0.000357143	0.700714	<1e-06	>357.27
0,1,2,3,4,1,2,5,6,7,3,3,8,9	0.000357143	0.701071	1e-06	357.27
0,1,2,3,4,1,2,5,6,7,3,8,3,5	0.000357143	0.701429	<1e-06	>357.27
0,1,2,3,4,1,2,5,6,7,3,8,3,9	0.000357143	0.701786	<1e-06	>357.27
0,1,2,3,4,1,2,5,6,7,3,8,8,9	0.000357143	0.702143	<1e-06	>357.27
0,1,2,3,4,1,2,5,6,7,8,1,8,5	0.000357143	0.7025	<1e-06	>357.27
0,1,2,3,4,1,2,5,6,7,8,8,8,2	0.000357143	0.702857	<1e-06	>357.27
0,1,2,3,4,1,2,5,6,7,8,8,8,5	0.000357143	0.703214	<1e-06	>357.27
0,1,2,3,4,1,2,5,6,7,8,8,8,7	0.000357143	0.703571	<1e-06	>357.27
0,1,2,3,4,1,2,5,6,7,8,8,9,10	0.000357143	0.703929	<1e-06	>357.27
0,1,2,3,4,1,2,5,6,7,8,9,8,5	0.000357143	0.704286	<1e-06	>357.27
0,1,2,3,4,1,4,0,4,4,3,3,3,0	0.000357143	0.704643	<1e-06	>357.27
0,1,2,3,4,1,4,0,5,0,3,3,3,0	0.000357143	0.705	<1e-06	>357.27
0,1,2,3,4,1,4,0,5,5,3,3,3,6	0.000357143	0.705357	<1e-06	>357.27
0,1,2,3,4,1,4,2,2,4,3,3,3,2	0.000357143	0.705714	<1e-06	>357.27
0,1,2,3,4,1,4,2,2,4,3,3,3,5	0.000357143	0.706071	<1e-06	>357.27
0,1,2,3,4,1,4,2,5,0,3,3,3,5	0.000357143	0.706429	<1e-06	>357.27
0,1,2,3,4,1,4,2,5,2,3,3,6,5	0.000357143	0.706786	<1e-06	>357.27
0,1,2,3,4,1,4,2,5,2,6,6,6,7	0.000357143	0.707143	<1e-06	>357.27
0,1,2,3,4,1,0,0,0,0,5,5,6,0	0.000357143	0.7075	<1e-06	>357.27
0,1,2,3,4,1,4,5,2,2,3,3,3,5	0.000357143	0.707857	<1e-06	>357.27
0,1,2,3,4,1,4,5,2,2,3,3,3,6	0.000357143	0.708214	<1e-06	>357.27
0,1,2,3,4,1,4,5,4,6,3,3,3,7	0.000357143	0.708571	<1e-06	>357.27
0,1,2,3,4,1,4,5,5,2,3,3,3,6	0.000357143	0.708929	<1e-06	>357.27
0,1,2,3,4,1,4,5,5,5,6,6,7,8	0.000357143	0.709286	<1e-06	>357.27
0,1,2,3,4,1,4,5,5,6,3,3,3,5	0.000357143	0.709643	<1e-06	>357.27
0,1,2,3,4,1,4,5,5,6,3,3,7,6	0.000357143	0.71	<1e-06	>357.27
0,1,2,3,4,1,4,5,6,0,3,3,3,0	0.000357143	0.710357	<1e-06	>357.27
0,1,2,3,4,1,4,5,6,5,3,3,3,5	0.000357143	0.710714	<1e-06	>357.27
0,1,2,3,4,1,4,5,6,5,3,3,3,7	0.000357143	0.711071	<1e-06	>357.27
0,1,2,3,4,1,4,5,6,7,3,3,3,8	0.000357143	0.711429	<1e-06	>357.27
0,1,2,3,4,1,0,0,0,0,5,5,5,2	0.000357143	0.711786	<1e-06	>357.27
0,1,2,3,4,1,0,0,0,0,5,3,6,0	0.000357143	0.712143	<1e-06	>357.27
0,1,2,3,4,1,0,0,0,0,3,5,5,0	0.000357143	0.7125	<1e-06	>357.27
0,1,2,3,4,1,5,0,0,0,3,3,6,0	0.000357143	0.712857	<1e-06	>357.27
0,1,2,3,4,1,0,0,0,0,3,3,5,6	0.000357143	0.713214	<1e-06	>357.27
0,1,2,3,4,1,5,0,0,0,3,6,3,7	0.000357143	0.713571	<1e-06	>357.27
0,1,2,3,4,1,5,0,0,0,3,6,6,7	0.000357143	0.713929	<1e-06	>357.27
0,1,2,3,4,1,5,0,0,0,3,6,7,0	0.000357143	0.714286	<1e-06	>357.27
0,1,2,3,4,1,0,0,0,0,3,3,5,0	0.000357143	0.714643	<1e-06	>357.27
0,1,2,3,4,1,5,0,0,0,6,6,7,8	0.000357143	0.715	1e-06	357.27
0,1,2,3,4,1,5,0,0,2,3,3,3,0	0.000357143	0.715357	<1e-06	>357.27
0,1,2,3,4,1,5,0,0,5,3,3,3,0	0.000357143	0.715714	<1e-06	>357.27
0,1,2,3,4,1,5,0,0,5,3,3,3,4	0.000357143	0.716071	<1e-06	>357.27
0,1,2,3,4,1,5,0,0,5,3,3,3,5	0.000357143	0.716429	<1e-06	>357.27
0,1,2,3,2,4,5,6,2,2,7,7,7,8	0.000357143	0.716786	<1e-06	>357.27
0,1,2,3,4,1,5,0,0,5,3,6,3,7	0.000357143	0.717143	<1e-06	>357.27
0,1,2,3,4,1,5,0,0,5,3,6,6,0	0.000357143	0.7175	<1e-06	>357.27
0,1,2,3,2,4,5,5,5,5,3,3,3,6	0.000357143	0.717857	<1e-06	>357.27
0,1,2,3,4,1,5,0,0,6,3,3,3,2	0.000357143	0.718214	<1e-06	>357.27
0,1,2,3,2,4,5,2,6,5,3,3,3,6	0.000357143	0.718571	<1e-06	>357.27
0,1,2,3,2,1,4,5,6,7,8,8,9,4	0.000357143	0.718929	<1e-06	>357.27
0,1,2,3,2,1,4,5,6,7,8,8,8,9	0.000357143	0.719286	<1e-06	>357.27
0,1,2,3,4,1,5,0,0,6,7,3,3,2	0.000357143	0.719643	<1e-06	>357.27
0,1,2,3,4,1,5,0,0,6,7,3,8,6	0.000357143	0.72	<1e-06	>357.27
0,1,2,3,4,1,5,0,0,6,7,7,8,0	0.000357143	0.720357	<1e-06	>357.27
0,1,2,3,4,1,5,0,2,0,3,3,3,2	0.000357143	0.720714	<1e-06	>357.27
0,1,2,3,4,1,5,0,2,0,3,3,3,5	0.000357143	0.721071	<1e-06	>357.27
0,1,2,3,4,1,5,0,2,0,3,6,3,7	0.000357143	0.721429	<1e-06	>357.27
0,1,2,3,4,1,5,0,2,0,6,6,6,7	0.000357143	0.721786	<1e-06	>357.27
0,1,2,3,4,1,5,0,2,2,3,3,3,0	0.000357143	0.722143	<1e-06	>357.27
0,1,2,3,4,1,5,0,2,2,6,6,6,7	0.000357143	0.7225	<1e-06	>357.27
0,1,2,3,4,1,5,0,2,5,3,3,3,0	0.000357143	0.722857	<1e-06	>357.27
0,1,2,3,4,1,5,0,2,5,3,3,3,2	0.000357143	0.723214	<1e-06	>357.27
0,1,2,3,4,1,5,0,2,5,6,7,6,0	0.000357143	0.723571	<1e-06	>357.27
0,1,2,3,4,1,5,0,2,6,3,3,3,5	0.000357143	0.723929	<1e-06	>357.27
0,1,2,3,2,1,4,5,6,7,8,8,8,7	0.000357143	0.724286	<1e-06	>357.27
0,1,2,3,4,1,5,0,2,6,3,7,3,6	0.000357143	0.724643	<1e-06	>357.27
0,1,2,3,2,1,4,5,6,7,8,8,8,4	0.000357143	0.725	<1e-06	>357.27
0,1,2,3,4,1,5,0,4,6,3,3,7,0	0.000357143	0.725357	<1e-06	>357.27
0,1,2,3,2,1,4,5,6,7,8,3,3,9	0.000357143	0.725714	1e-06	357.27
0,1,2,3,4,1,5,0,5,0,3,3,3,5	0.000357143	0.726071	<1e-06	>357.27
0,1,2,3,4,1,5,0,5,0,3,3,3,6	0.000357143	0.726429	<1e-06	>357.27
0,1,2,3,2,1,4,5,6,7,8,3,3,7	0.000357143	0.726786	<1e-06	>357.27
0,1,2,3,4,1,5,0,5,2,6,7,7,8	0.000357143	0.727143	<1e-06	>357.27
0,1,2,3,4,1,5,0,5,5,3,3,3,6	0.000357143	0.7275	<1e-06	>357.27
0,1,2,3,4,1,5,0,5,5,3,3,6,0	0.000357143	0.727857	<1e-06	>357.27
0,1,2,3,4,1,5,0,5,5,3,6,3,0	0.000357143	0.728214	<1e-06	>357.27
0,1,2,3,4,1,5,0,5,5,3,6,3,7	0.000357143	0.728571	<1e-06	>357.27
0,1,2,3,4,1,5,0,5,5,3,6,6,7	0.000357143	0.728929	<1e-06	>357.27
0,1,2,3,4,1,5,0,5,6,3,3,3,0	0.000357143	0.729286	<1e-06	>357.27
0,1,2,3,4,1,5,0,5,6,3,3,3,5	0.000357143	0.729643	<1e-06	>357.27
0,1,2,3,2,1,4,5,6,7,3,8,9,6	0.000357143	0.73	<1e-06	>357.27
0,1,2,3,4,1,5,0,5,6,3,3,7,5	0.000357143	0.730357	<1e-06	>357.27
0,1,2,3,4,1,5,0,5,6,7,3,7,0	0.000357143	0.730714	<1e-06	>357.27
0,1,2,3,2,1,4,5,6,7,3,3,3,4	0.000357143	0.731071	<1e-06	>357.27
0,1,2,3,4,1,5,0,6,0,3,3,3,7	0.000357143	0.731429	<1e-06	>357.27
0,1,2,3,4,1,5,0,6,0,3,7,3,8	0.000357143	0.731786	<1e-06	>357.27
0,1,2,3,4,1,5,0,6,0,7,3,3,0	0.000357143	0.732143	<1e-06	>357.27
0,1,2,3,4,1,5,0,6,0,7,8,7,9	0.000357143	0.7325	<1e-06	>357.27
0,1,2,3,2,1,4,5,6,7,3,3,3,0	0.000357143	0.732857	<1e-06	>357.27
0,1,2,3,4,1,5,0,6,2,3,7,7,6	0.000357143	0.733214	<1e-06	>357.27
0,1,2,3,4,1,5,0,6,2,7,7,7,0	0.000357143	0.733571	<1e-06	>357.27
0,1,2,3,4,1,5,0,6,5,3,3,3,0	0.000357143	0.733929	<1e-06	>357.27
0,1,2,3,4,1,5,0,6,5,3,3,3,6	0.000357143	0.734286	<1e-06	>357.27
0,1,2,3,4,1,5,0,6,5,3,3,3,7	0.000357143	0.734643	<1e-06	>357.27
0,1,2,3,4,1,5,0,6,5,3,7,3,8	0.000357143	0.735	<1e-06	>357.27
0,1,2,3,4,1,5,0,6,5,7,7,7,0	0.000357143	0.735357	<1e-06	>357.27
0,1,2,3,4,1,5,0,6,5,7,7,7,5	0.000357143	0.735714	<1e-06	>357.27
0,1,2,3,4,1,5,0,6,6,3,3,3,0	0.000357143	0.736071	<1e-06	>357.27
0,1,2,3,4,1,5,0,6,6,3,3,3,6	0.000357143	0.736429	<1e-06	>357.27
0,1,2,3,4,1,5,0,6,6,3,3,3,7	0.000357143	0.736786	<1e-06	>357.27
0,1,2,3,4,1,5,0,6,6,3,7,3,0	0.000357143	0.737143	<1e-06	>357.27
0,1,2,3,4,1,5,0,6,6,3,7,7,6	0.000357143	0.7375	<1e-06	>357.27
0,1,2,3,2,1,4,5,6,6,3,3,7,8	0.000357143	0.737857	<1e-06	>357.27
0,1,2,3,4,1,5,0,6,7,3,3,3,5	0.000357143	0.738214	<1e-06	>357.27
0,1,2,3,2,1,4,5,6,6,3,3,3,7	0.000357143	0.738571	<1e-06	>357.27
0,1,2,3,2,1,4,5,6,6,3,3,3,6	0.000357143	0.738929	<1e-06	>357.27
0,1,2,3,4,1,5,0,6,7,8,3,3,0	0.000357143	0.739286	<1e-06	>357.27
0,1,2,3,4,1,5,2,0,0,3,6,3,0	0.000357143	0.739643	<1e-06	>357.27
0,1,2,3,4,1,5,2,0,0,3,6,6,0	0.000357143	0.74	<1e-06	>357.27
0,1,2,3,4,1,5,2,0,2,3,3,3,6	0.000357143	0.740357	<1e-06	>357.27
0,1,2,3,4,1,5,2,0,6,3,3,3,0	0.000357143	0.740714	<1e-06	>357.27
0,1,2,3,4,1,5,2,0,6,3,3,3,5	0.000357143	0.741071	<1e-06	>357.27
0,1,2,3,4,1,5,2,0,6,3,3,3,6	0.000357143	0.741429	<1e-06	>357.27
0,1,2,3,4,1,5,2,0,6,7,3,3,0	0.000357143	0.741786	<1e-06	>357.27
0,1,2,3,4,1,5,2,0,6,7,3,8,6	0.000357143	0.742143	<1e-06	>357.27
0,1,2,3,4,1,5,2,0,6,7,7,8,9	0.000357143	0.7425	<1e-06	>357.27
0,1,2,3,2,1,4,5,6,6,3,3,3,5	0.000357143	0.742857	<1e-06	>357.27
0,1,2,3,2,1,4,5,6,5,3,3,3,7	0.000357143	0.743214	<1e-06	>357.27
0,1,2,3,4,1,5,2,2,0,3,6,3,0	0.000357143	0.743571	<1e-06	>357.27
0,1,2,3,4,1,5,2,2,0,3,6,3,7	0.000357143	0.743929	<1e-06	>357.27
0,1,2,3,4,1,5,2,2,2,3,1,3,5	0.000357143	0.744286	<1e-06	>357.27
0,1,2,3,2,1,4,5,6,5,3,3,3,5	0.000357143	0.744643	<1e-06	>357.27
0,1,2,3,2,1,4,5,6,4,3,3,3,7	0.000357143	0.745	<1e-06	>357.27
0,1,2,3,2,1,4,5,6,4,3,3,3,6	0.000357143	0.745357	<1e-06	>357.27
0,1,2,3,2,1,4,5,6,4,3,3,3,0	0.000357143	0.745714	<1e-06	>357.27
0,1,2,3,2,1,4,5,6,2,3,3,3,7	0.000357143	0.746071	<1e-06	>357.27
0,1,2,3,4,1,5,2,2,2,3,6,3,7	0.000357143	0.746429	<1e-06	>357.27
0,1,2,3,4,1,5,2,2,2,3,6,7,8	0.000357143	0.746786	<1e-06	>357.27
0,1,2,3,4,1,5,2,2,2,6,3,3,0	0.000357143	0.747143	<1e-06	>357.27
0,1,2,3,2,1,4,5,6,0,3,3,3,7	0.000357143	0.7475	<1e-06	>357.27
0,1,2,3,4,1,5,2,2,2,6,3,6,2	0.000357143	0.747857	<1e-06	>357.27
0,1,2,3,4,1,5,2,2,2,6,6,3,7	0.000357143	0.748214	<1e-06	>357.27
0,1,2,3,4,1,5,2,2,2,6,6,6,7	0.000357143	0.748571	<1e-06	>357.27
0,1,2,3,4,1,5,2,2,2,6,7,6,5	0.000357143	0.748929	<1e-06	>357.27
0,1,2,3,4,1,5,2,2,2,6,7,6,8	0.000357143	0.749286	<1e-06	>357.27
0,1,2,3,4,1,5,2,2,4,3,3,3,2	0.000357143	0.749643	<1e-06	>357.27
0,1,2,3,4,1,5,2,2,5,3,3,3,0	0.000357143	0.75	<1e-06	>357.27
0,1,2,3,4,1,5,2,2,5,3,3,3,5	0.000357143	0.750357	<1e-06	>357.27
0,1,2,3,2,1,4,5,5,6,7,7,7,4	0.000357143	0.750714	<1e-06	>357.27
0,1,2,3,4,1,5,2,2,5,6,3,6,7	0.000357143	0.751071	<1e-06	>357.27
0,1,2,3,4,1,5,2,2,5,6,6,3,2	0.000357143	0.751429	<1e-06	>357.27
0,1,2,3,4,1,5,2,2,5,6,6,6,5	0.000357143	0.751786	<1e-06	>357.27
0,1,2,3,4,1,5,2,2,5,6,7,6,0	0.000357143	0.752143	<1e-06	>357.27
0,1,2,3,2,1,4,5,5,6,3,3,3,7	0.000357143	0.7525	<1e-06	>357.27
0,1,2,3,2,1,4,5,5,5,6,7,7,5	0.000357143	0.752857	<1e-06	>357.27
0,1,2,3,4,1,5,2,2,6,3,3,3,5	0.000357143	0.753214	<1e-06	>357.27
0,1,2,3,2,1,4,5,5,5,3,6,3,5	0.000357143	0.753571	<1e-06	>357.27
0,1,2,3,2,1,4,5,5,4,3,3,6,7	0.000357143	0.753929	<1e-06	>357.27
0,1,2,3,4,1,5,2,2,6,3,3,7,6	0.000357143	0.754286	<1e-06	>357.27
0,1,2,3,2,1,4,5,5,2,6,7,6,8	0.000357143	0.754643	<1e-06	>357.27
0,1,2,3,4,1,5,2,2,6,3,7,3,8	0.000357143	0.755	<1e-06	>357.27
0,1,2,3,4,1,5,2,2,6,3,7,7,0	0.000357143	0.755357	<1e-06	>357.27
0,1,2,3,4,1,5,2,2,6,3,7,7,2	0.000357143	0.755714	<1e-06	>357.27
0,1,2,3,4,1,5,2,2,6,3,7,7,8	0.000357143	0.756071	<1e-06	>357.27
0,1,2,3,4,1,5,2,2,6,3,7,8,2	0.000357143	0.756429	<1e-06	>357.27
0,1,2,3,4,1,5,2,2,6,3,7,8,9	0.000357143	0.756786	<1e-06	>357.27
0,1,2,3,4,1,5,2,2,6,7,3,3,5	0.000357143	0.757143	<1e-06	>357.27
0,1,2,3,4,1,5,2,2,6,7,3,8,6	0.000357143	0.7575	<1e-06	>357.27
0,1,2,3,2,1,4,5,4,6,7,7,7,8	0.000357143	0.757857	<1e-06	>357.27
0,1,2,3,4,1,5,2,5,0,3,3,3,2	0.000357143	0.758214	<1e-06	>357.27
0,1,2,3,2,1,4,5,4,6,3,7,3,4	0.000357143	0.758571	<1e-06	>357.27
0,1,2,3,4,1,5,2,5,0,3,6,3,7	0.000357143	0.758929	<1e-06	>357.27
0,1,2,3,4,1,5,2,5,0,6,3,3,0	0.000357143	0.759286	<1e-06	>357.27
0,1,2,3,4,1,5,2,5,0,6,6,3,7	0.000357143	0.759643	<1e-06	>357.27
0,1,2,3,4,1,5,2,5,0,6,7,6,8	0.000357143	0.76	<1e-06	>357.27
0,1,2,3,4,1,5,2,5,2,3,3,3,2	0.000357143	0.760357	<1e-06	>357.27
0,1,2,3,2,1,4,5,4,6,3,3,3,5	0.000357143	0.760714	<1e-06	>357.27
0,1,2,3,2,1,4,5,4,5,6,7,7,0	0.000357143	0.761071	<1e-06	>357.27
0,1,2,3,4,1,5,2,5,2,3,3,6,2	0.000357143	0.761429	<1e-06	>357.27
0,1,2,3,4,1,5,2,5,2,3,6,6,7	0.000357143	0.761786	<1e-06	>357.27
0,1,2,3,4,1,5,2,5,2,3,6,7,8	0.000357143	0.762143	<1e-06	>357.27
0,1,2,3,4,1,5,2,5,2,6,3,3,7	0.000357143	0.7625	<1e-06	>357.27
0,1,2,3,4,1,5,2,5,2,6,3,7,0	0.000357143	0.762857	<1e-06	>357.27
0,1,2,3,4,1,5,2,5,2,6,6,3,0	0.000357143	0.763214	<1e-06	>357.27
0,1,2,3,4,1,5,2,5,4,3,3,3,6	0.000357143	0.763571	<1e-06	>357.27
0,1,2,3,4,1,5,2,5,5,3,3,3,0	0.000357143	0.763929	<1e-06	>357.27
0,1,2,3,2,1,4,5,4,5,3,6,6,7	0.000357143	0.764286	<1e-06	>357.27
0,1,2,3,2,1,4,5,4,2,3,6,7,8	0.000357143	0.764643	<1e-06	>357.27
0,1,2,3,4,1,5,2,5,5,3,6,6,5	0.000357143	0.765	<1e-06	>357.27
0,1,2,3,4,1,5,2,5,5,6,3,3,2	0.000357143	0.765357	<1e-06	>357.27
0,1,2,3,4,1,5,2,5,5,6,3,3,7	0.000357143	0.765714	<1e-06	>357.27
0,1,2,3,4,1,5,2,5,5,6,3,7,5	0.000357143	0.766071	<1e-06	>357.27
0,1,2,3,4,1,5,2,5,5,6,6,3,7	0.000357143	0.766429	<1e-06	>357.27
0,1,2,3,4,1,5,2,5,5,6,7,7,8	0.000357143	0.766786	<1e-06	>357.27
0,1,2,3,4,1,5,2,5,6,3,3,3,0	0.000357143	0.767143	<1e-06	>357.27
0,1,2,3,4,1,5,2,5,6,3,3,3,2	0.000357143	0.7675	<1e-06	>357.27
0,1,2,3,2,1,4,5,2,6,7,7,3,6	0.000357143	0.767857	<1e-06	>357.27
0,1,2,3,2,1,4,5,2,6,3,7,3,8	0.000357143	0.768214	<1e-06	>357.27
0,1,2,3,2,1,4,5,0,0,3,3,3,5	0.000357143	0.768571	<1e-06	>357.27
0,1,2,3,4,1,5,2,5,6,3,3,7,2	0.000357143	0.768929	<1e-06	>357.27
0,1,2,3,4,1,5,2,5,6,3,7,7,5	0.000357143	0.769286	<1e-06	>357.27
0,1,2,3,4,1,5,2,5,6,3,7,7,8	0.000357143	0.769643	<1e-06	>357.27
0,1,2,3,4,1,5,2,5,6,7,3,7,5	0.000357143	0.77	<1e-06	>357.27
0,1,2,3,4,1,5,2,5,6,7,7,3,2	0.000357143	0.770357	<1e-06	>357.27
0,1,2,3,4,1,5,2,5,6,7,7,7,5	0.000357143	0.770714	<1e-06	>357.27
0,1,2,3,2,1,4,4,5,6,7,8,8,5	0.000357143	0.771071	<1e-06	>357.27
0,1,2,3,2,1,4,4,5,6,3,3,3,7	0.000357143	0.771429	<1e-06	>357.27
0,1,2,3,2,1,4,4,5,5,3,3,3,0	0.000357143	0.771786	<1e-06	>357.27
0,1,2,3,4,1,5,2,6,2,3,3,3,5	0.000357143	0.772143	<1e-06	>357.27
0,1,2,3,4,1,5,2,6,2,3,3,3,6	0.000357143	0.7725	<1e-06	>357.27
0,1,2,3,2,1,4,4,5,4,3,3,3,0	0.000357143	0.772857	<1e-06	>357.27
0,1,2,3,4,1,5,2,6,2,3,3,7,6	0.000357143	0.773214	<1e-06	>357.27
0,1,2,3,4,1,5,2,6,2,3,3,7,8	0.000357143	0.773571	<1e-06	>357.27
0,1,2,3,4,1,5,2,6,2,3,7,3,0	0.000357143	0.773929	1e-06	357.27
0,1,2,3,4,1,5,2,6,2,3,7,3,2	0.000357143	0.774286	<1e-06	>357.27
0,1,2,3,4,1,5,2,6,2,3,7,7,0	0.000357143	0.774643	<1e-06	>357.27
0,1,2,3,4,1,5,2,6,2,7,3,7,8	0.000357143	0.775	<1e-06	>357.27
0,1,2,3,4,1,5,2,6,2,7,7,3,0	0.000357143	0.775357	<1e-06	>357.27
0,1,2,3,4,1,5,2,6,2,7,7,3,6	0.000357143	0.775714	<1e-06	>357.27
0,1,2,3,4,1,5,2,6,2,7,7,7,6	0.000357143	0.776071	<1e-06	>357.27
0,1,2,3,4,1,5,2,6,2,7,7,7,8	0.000357143	0.776429	<1e-06	>357.27
0,1,2,3,4,1,5,2,6,2,7,8,3,6	0.000357143	0.776786	<1e-06	>357.27
0,1,2,3,4,1,5,2,6,4,3,3,3,6	0.000357143	0.777143	<1e-06	>357.27
0,1,2,3,4,1,5,2,6,4,3,3,3,7	0.000357143	0.7775	<1e-06	>357.27
0,1,2,3,4,1,5,2,6,4,3,3,7,6	0.000357143	0.777857	<1e-06	>357.27
0,1,2,3,2,1,4,4,4,4,3,5,5,6	0.000357143	0.778214	<1e-06	>357.27
0,1,2,3,4,1,5,2,6,5,3,3,3,6	0.000357143	0.778571	<1e-06	>357.27
0,1,2,3,2,1,4,4,4,4,3,3,3,4	0.000357143	0.778929	<1e-06	>357.27
0,1,2,3,2,1,4,4,2,0,5,5,5,6	0.000357143	0.779286	<1e-06	>357.27
0,1,2,3,4,1,5,2,6,5,3,7,7,5	0.000357143	0.779643	<1e-06	>357.27
0,1,2,3,2,1,4,4,0,5,3,6,6,7	0.000357143	0.78	<1e-06	>357.27
0,1,2,3,4,1,5,2,6,6,3,3,3,0	0.000357143	0.780357	<1e-06	>357.27
0,1,2,3,4,1,5,2,6,6,3,3,3,2	0.000357143	0.780714	<1e-06	>357.27
0,1,2,3,2,1,4,4,0,4,3,3,3,4	0.000357143	0.781071	<1e-06	>357.27
0,1,2,3,2,1,4,4,0,2,3,3,3,0	0.000357143	0.781429	<1e-06	>357.27
0,1,2,3,4,1,5,2,6,6,3,3,7,2	0.000357143	0.781786	<1e-06	>357.27
0,1,2,3,4,1,5,2,6,6,3,3,7,5	0.000357143	0.782143	<1e-06	>357.27
0,1,2,3,4,1,5,2,6,6,3,7,3,6	0.000357143	0.7825	<1e-06	>357.27
0,1,2,3,4,1,5,2,6,6,3,7,7,0	0.000357143	0.782857	<1e-06	>357.27
0,1,2,3,4,1,5,2,6,6,7,7,8,0	0.000357143	0.783214	<1e-06	>357.27
0,1,2,3,4,1,5,2,6,6,7,8,8,6	0.000357143	0.783571	<1e-06	>357.27
0,1,2,3,4,1,5,2,6,7,1,3,3,2	0.000357143	0.783929	<1e-06	>357.27
0,1,2,3,4,1,5,2,6,7,3,3,3,0	0.000357143	0.784286	<1e-06	>357.27
0,1,2,3,4,1,5,2,6,7,3,3,3,2	0.000357143	0.784643	<1e-06	>357.27
0,1,2,3,4,1,5,2,6,7,3,3,3,5	0.000357143	0.785	<1e-06	>357.27
0,1,2,3,2,1,4,2,5,6,7,3,3,5	0.000357143	0.785357	1e-06	357.27
0,1,2,3,2,1,4,2,5,2,3,3,3,4	0.000357143	0.785714	<1e-06	>357.27
0,1,2,3,2,1,4,2,4,2,3,3,3,5	0.000357143	0.786071	<1e-06	>357.27
0,1,2,3,4,1,5,2,6,7,3,3,8,0	0.000357143	0.786429	<1e-06	>357.27
0,1,2,3,4,1,5,2,6,7,3,3,8,2	0.000357143	0.786786	<1e-06	>357.27
0,1,2,3,4,1,5,2,6,7,3,8,3,0	0.000357143	0.787143	<1e-06	>357.27
0,1,2,3,4,1,5,2,6,7,3,8,3,9	0.000357143	0.7875	<1e-06	>357.27
0,1,2,3,4,1,5,2,6,7,3,8,8,9	0.000357143	0.787857	<1e-06	>357.27
0,1,2,3,4,1,5,2,6,7,8,3,3,6	0.000357143	0.788214	<1e-06	>357.27
0,1,2,3,4,1,5,2,6,7,8,3,8,0	0.000357143	0.788571	<1e-06	>357.27
0,1,2,3,4,1,5,2,6,7,8,3,8,6	0.000357143	0.788929	<1e-06	>357.27
0,1,2,3,4,1,5,2,6,7,8,3,8,9	0.000357143	0.789286	<1e-06	>357.27
0,1,2,3,4,1,5,2,6,7,8,3,9,6	0.000357143	0.789643	<1e-06	>357.27
0,1,2,3,4,1,5,2,6,7,8,8,3,6	0.000357143	0.79	<1e-06	>357.27
0,1,2,3,4,1,5,2,6,7,8,8,8,2	0.000357143	0.790357	<1e-06	>357.27
0,1,2,3,4,1,5,2,6,7,8,8,8,9	0.000357143	0.790714	<1e-06	>357.27
0,1,2,3,4,1,5,2,6,7,8,8,9,5	0.000357143	0.791071	<1e-06	>357.27
0,1,2,3,4,1,5,2,6,7,8,8,9,10	0.000357143	0.791429	<1e-06	>357.27
0,1,2,3,4,1,5,4,2,6,3,3,3,5	0.000357143	0.791786	<1e-06	>357.27
0,1,2,3,4,1,5,4,4,5,6,6,3,0	0.000357143	0.792143	<1e-06	>357.27
0,1,2,3,4,1,5,4,4,6,3,3,3,7	0.000357143	0.7925	<1e-06	>357.27
0,1,2,3,4,1,5,4,4,6,7,8,3,4	0.000357143	0.792857	<1e-06	>357.27
0,1,2,3,4,1,5,4,5,0,3,3,3,0	0.000357143	0.793214	<1e-06	>357.27
0,1,2,3,4,1,5,4,5,0,3,3,6,7	0.000357143	0.793571	<1e-06	>357.27
0,1,2,3,4,1,5,4,5,5,3,3,3,5	0.000357143	0.793929	<1e-06	>357.27
0,1,2,3,4,1,5,4,6,4,3,3,3,0	0.000357143	0.794286	<1e-06	>357.27
0,1,2,3,4,1,5,4,6,5,3,3,7,5	0.000357143	0.794643	<1e-06	>357.27
0,1,2,3,4,1,5,4,6,6,3,3,7,8	0.000357143	0.795	<1e-06	>357.27
0,1,2,3,4,1,5,4,6,6,7,3,7,8	0.000357143	0.795357	<1e-06	>357.27
0,1,2,3,2,1,4,2,4,2,3,3,3,4	0.000357143	0.795714	<1e-06	>357.27
0,1,2,3,4,1,5,5,0,0,3,3,3,5	0.000357143	0.796071	<1e-06	>357.27
0,1,2,3,4,1,5,5,0,0,3,3,3,6	0.000357143	0.796429	<1e-06	>357.27
0,1,2,3,4,1,5,5,0,0,3,3,6,0	0.000357143	0.796786	<1e-06	>357.27
0,1,2,3,4,1,5,5,0,0,3,6,3,5	0.000357143	0.797143	<1e-06	>357.27
0,1,2,3,4,1,5,5,0,0,3,6,6,7	0.000357143	0.7975	<1e-06	>357.27
0,1,2,3,4,1,0,5,5,2,3,6,6,0	0.000357143	0.797857	<1e-06	>357.27
0,1,2,3,4,1,5,5,0,0,6,3,7,0	0.000357143	0.798214	<1e-06	>357.27
0,1,2,3,4,1,5,5,0,0,6,7,3,5	0.000357143	0.798571	<1e-06	>357.27
0,1,2,3,4,1,5,5,0,2,3,3,3,5	0.000357143	0.798929	<1e-06	>357.27
0,1,2,3,4,1,5,5,0,2,6,6,3,5	0.000357143	0.799286	<1e-06	>357.27
0,1,2,3,4,1,5,5,0,5,3,1,3,5	0.000357143	0.799643	<1e-06	>357.27
0,1,2,3,2,1,4,2,2,5,3,3,6,7	0.000357143	0.8	<1e-06	>357.27
0,1,2,3,4,1,5,5,0,5,3,6,3,0	0.000357143	0.800357	<1e-06	>357.27
0,1,2,3,4,1,5,5,0,5,6,6,6,5	0.000357143	0.800714	<1e-06	>357.27
0,1,2,3,4,1,5,5,0,5,6,7,6,5	0.000357143	0.801071	<1e-06	>357.27
0,1,2,3,2,1,4,2,2,2,3,3,5,4	0.000357143	0.801429	<1e-06	>357.27
0,1,2,3,2,1,4,2,2,2,3,3,3,5	0.000357143	0.801786	<1e-06	>357.27
0,1,2,3,4,1,5,5,0,6,3,3,3,7	0.000357143	0.802143	<1e-06	>357.27
0,1,2,3,4,1,5,5,0,6,3,7,3,6	0.000357143	0.8025	<1e-06	>357.27
0,1,2,3,4,1,5,5,0,6,3,7,7,5	0.000357143	0.802857	<1e-06	>357.27
0,1,2,3,4,1,5,5,0,6,7,3,7,5	0.000357143	0.803214	<1e-06	>357.27
0,1,2,3,4,1,5,5,2,0,3,3,3,0	0.000357143	0.803571	<1e-06	>357.27
0,1,2,3,2,1,4,0,0,5,3,6,6,0	0.000357143	0.803929	<1e-06	>357.27
0,1,2,3,4,1,5,5,2,0,3,3,6,0	0.000357143	0.804286	<1e-06	>357.27
0,1,2,3,4,1,5,5,2,0,6,7,7,5	0.000357143	0.804643	<1e-06	>357.27
0,1,2,3,4,1,5,5,2,0,6,7,8,5	0.000357143	0.805	<1e-06	>357.27
0,1,2,3,4,1,5,5,2,2,3,3,3,2	0.000357143	0.805357	<1e-06	>357.27
0,1,2,3,4,1,5,5,2,2,3,3,3,5	0.000357143	0.805714	<1e-06	>357.27
0,1,2,3,2,1,2,4,5,6,3,3,3,6	0.000357143	0.806071	<1e-06	>357.27
0,1,2,3,4,1,5,5,2,2,3,6,3,2	0.000357143	0.806429	<1e-06	>357.27
0,1,2,3,4,1,5,5,2,2,3,6,3,5	0.000357143	0.806786	<1e-06	>357.27
0,1,2,3,2,1,2,4,5,2,3,3,3,6	0.000357143	0.807143	<1e-06	>357.27
0,1,2,3,4,1,5,5,2,2,6,3,6,5	0.000357143	0.8075	<1e-06	>357.27
0,1,2,3,4,1,5,5,2,2,6,6,6,7	0.000357143	0.807857	<1e-06	>357.27
0,1,2,3,4,1,5,5,2,5,3,3,3,0	0.000357143	0.808214	<1e-06	>357.27
0,1,2,3,2,1,2,4,5,2,3,3,3,0	0.000357143	0.808571	<1e-06	>357.27
0,1,2,3,4,1,5,5,2,5,3,3,3,6	0.000357143	0.808929	<1e-06	>357.27
0,1,2,3,4,1,5,5,2,5,3,3,6,5	0.000357143	0.809286	<1e-06	>357.27
0,1,2,3,4,1,5,5,2,5,3,3,6,7	0.000357143	0.809643	<1e-06	>357.27
0,1,2,3,4,1,5,5,2,5,3,6,3,7	0.000357143	0.81	<1e-06	>357.27
0,1,2,3,4,1,5,5,2,5,3,6,6,5	0.000357143	0.810357	<1e-06	>357.27
0,1,2,3,4,1,5,5,2,5,3,6,7,8	0.000357143	0.810714	<1e-06	>357.27
0,1,2,3,4,1,5,5,2,5,6,3,3,5	0.000357143	0.811071	<1e-06	>357.27
0,1,2,3,4,1,5,5,2,5,6,7,3,8	0.000357143	0.811429	<1e-06	>357.27
0,1,2,3,4,1,5,5,2,6,3,3,3,0	0.000357143	0.811786	<1e-06	>357.27
0,1,2,3,4,1,5,5,2,6,3,3,3,2	0.000357143	0.812143	<1e-06	>357.27
0,1,2,3,2,1,2,4,4,4,3,3,5,6	0.000357143	0.8125	<1e-06	>357.27
0,1,2,3,2,1,2,4,4,4,3,3,5,4	0.000357143	0.812857	<1e-06	>357.27
0,1,2,3,2,1,2,4,4,4,3,3,3,5	0.000357143	0.813214	<1e-06	>357.27
0,1,2,3,4,1,5,5,2,6,3,3,7,6	0.000357143	0.813571	<1e-06	>357.27
0,1,2,3,4,1,5,5,2,6,3,7,3,5	0.000357143	0.813929	<1e-06	>357.27
0,1,2,3,4,1,5,5,2,6,3,7,3,6	0.000357143	0.814286	<1e-06	>357.27
0,1,2,3,4,1,5,5,2,6,3,7,3,8	0.000357143	0.814643	<1e-06	>357.27
0,1,2,3,4,1,5,5,2,6,7,3,3,5	0.000357143	0.815	<1e-06	>357.27
0,1,2,3,4,1,5,5,2,6,7,3,3,8	0.000357143	0.815357	<1e-06	>357.27
0,1,2,3,4,1,5,5,2,6,7,7,7,5	0.000357143	0.815714	<1e-06	>357.27
0,1,2,3,4,1,5,5,2,6,7,8,8,5	0.000357143	0.816071	<1e-06	>357.27
0,1,2,3,4,1,5,5,2,6,7,8,9,5	0.000357143	0.816429	<1e-06	>357.27
0,1,2,3,4,1,5,5,4,5,3,3,3,6	0.000357143	0.816786	<1e-06	>357.27
0,1,2,3,4,1,5,5,4,5,6,6,6,5	0.000357143	0.817143	<1e-06	>357.27
0,1,2,3,4,1,5,5,4,5,6,7,3,0	0.000357143	0.8175	<1e-06	>357.27
0,1,2,3,4,1,5,5,4,6,3,3,3,5	0.000357143	0.817857	<1e-06	>357.27
0,1,2,3,4,1,5,5,4,6,3,7,3,6	0.000357143	0.818214	<1e-06	>357.27
0,1,2,3,4,1,5,5,4,6,7,7,3,0	0.000357143	0.818571	<1e-06	>357.27
0,1,2,3,4,1,5,5,4,6,7,8,7,9	0.000357143	0.818929	<1e-06	>357.27
0,1,2,3,2,1,2,4,4,2,3,3,3,4	0.000357143	0.819286	<1e-06	>357.27
0,1,2,3,2,1,2,4,2,5,3,3,3,5	0.000357143	0.819643	<1e-06	>357.27
0,1,2,3,2,1,2,4,2,2,3,3,3,5	0.000357143	0.82	<1e-06	>357.27
0,1,2,3,4,1,5,5,5,0,3,3,6,5	0.000357143	0.820357	<1e-06	>357.27
0,1,2,3,4,1,5,5,5,0,3,3,6,7	0.000357143	0.820714	<1e-06	>357.27
0,1,2,3,4,1,5,5,5,0,3,6,3,7	0.000357143	0.821071	<1e-06	>357.27
0,1,2,3,4,1,5,5,5,0,3,6,6,0	0.000357143	0.821429	<1e-06	>357.27
0,1,2,3,2,1,2,4,2,2,3,3,3,4	0.000357143	0.821786	<1e-06	>357.27
0,1,2,3,2,1,2,4,2,0,3,3,3,2	0.000357143	0.822143	<1e-06	>357.27
0,1,2,3,2,1,2,4,0,5,3,3,6,5	0.000357143	0.8225	<1e-06	>357.27
0,1,2,3,2,1,2,2,4,5,6,6,6,7	0.000357143	0.822857	<1e-06	>357.27
0,1,2,3,4,1,5,5,5,2,3,6,3,0	0.000357143	0.823214	<1e-06	>357.27
0,1,2,3,4,1,5,5,5,2,3,6,3,2	0.000357143	0.823571	<1e-06	>357.27
0,1,2,3,4,1,5,5,5,2,6,3,6,0	0.000357143	0.823929	<1e-06	>357.27
0,1,2,3,4,1,5,5,5,2,6,6,6,7	0.000357143	0.824286	<1e-06	>357.27
0,1,2,3,4,1,5,5,5,2,6,7,3,5	0.000357143	0.824643	<1e-06	>357.27
0,1,2,3,4,1,5,5,5,4,3,3,6,5	0.000357143	0.825	<1e-06	>357.27
0,1,2,3,4,1,5,5,5,4,3,6,6,7	0.000357143	0.825357	<1e-06	>357.27
0,1,2,3,4,1,5,5,5,4,6,6,6,5	0.000357143	0.825714	<1e-06	>357.27
0,1,2,3,4,1,5,5,5,4,6,7,8,9	0.000357143	0.826071	<1e-06	>357.27
0,1,2,3,2,1,2,2,4,5,3,3,3,6	0.000357143	0.826429	<1e-06	>357.27
0,1,2,3,2,1,2,2,4,4,3,3,5,4	0.000357143	0.826786	<1e-06	>357.27
0,1,2,3,2,1,2,2,4,4,3,3,3,0	0.000357143	0.827143	<1e-06	>357.27
0,1,2,3,2,1,2,2,4,2,3,3,5,6	0.000357143	0.8275	<1e-06	>357.27
0,1,2,3,2,1,2,2,4,2,3,3,3,0	0.000357143	0.827857	<1e-06	>357.27
0,1,2,3,2,1,2,2,2,4,3,3,3,5	0.000357143	0.828214	<1e-06	>357.27
0,1,2,3,2,1,2,2,2,4,3,3,3,4	0.000357143	0.828571	<1e-06	>357.27
0,1,2,3,4,1,5,5,5,5,3,6,6,5	0.000357143	0.828929	<1e-06	>357.27
0,1,2,3,4,1,5,5,5,5,3,6,6,7	0.000357143	0.829286	<1e-06	>357.27
0,1,2,3,4,1,5,5,5,5,3,6,7,5	0.000357143	0.829643	<1e-06	>357.27
0,1,2,3,4,1,5,5,5,5,3,6,7,8	0.000357143	0.83	<1e-06	>357.27
0,1,2,3,2,1,2,2,2,2,3,3,3,0	0.000357143	0.830357	<1e-06	>357.27
0,1,2,3,4,1,5,5,5,5,6,3,3,7	0.000357143	0.830714	<1e-06	>357.27
0,1,2,3,4,1,5,5,5,5,6,3,6,7	0.000357143	0.831071	<1e-06	>357.27
0,1,2,3,4,1,5,5,5,5,6,6,3,7	0.000357143	0.831429	<1e-06	>357.27
0,1,2,3,2,1,2,0,4,0,3,3,3,5	0.000357143	0.831786	<1e-06	>357.27
0,1,2,3,2,1,2,0,2,4,3,3,3,2	0.000357143	0.832143	<1e-06	>357.27
0,1,2,3,4,1,5,5,5,5,6,6,7,5	0.000357143	0.8325	<1e-06	>357.27
0,1,2,3,4,1,5,5,5,5,6,7,3,8	0.000357143	0.832857	<1e-06	>357.27
0,1,2,3,4,1,5,5,5,6,3,1,3,2	0.000357143	0.833214	<1e-06	>357.27
0,1,2,3,2,1,0,4,5,6,3,3,3,7	0.000357143	0.833571	<1e-06	>357.27
0,1,2,3,2,1,0,4,2,4,5,3,3,6	0.000357143	0.833929	<1e-06	>357.27
0,1,2,3,2,1,0,4,2,2,3,3,3,0	0.000357143	0.834286	<1e-06	>357.27
0,1,2,3,2,1,0,4,0,4,3,3,3,0	0.000357143	0.834643	<1e-06	>357.27
0,1,2,3,4,1,5,5,5,6,3,3,7,0	0.000357143	0.835	<1e-06	>357.27
0,1,2,3,2,1,0,4,0,0,5,3,3,0	0.000357143	0.835357	<1e-06	>357.27
0,1,2,3,4,1,5,5,5,6,3,3,7,6	0.000357143	0.835714	<1e-06	>357.27
0,1,2,3,4,1,5,5,5,6,3,3,7,8	0.000357143	0.836071	<1e-06	>357.27
0,1,2,3,4,1,5,5,5,6,3,7,3,0	0.000357143	0.836429	<1e-06	>357.27
0,1,2,3,2,1,0,4,0,0,3,3,3,0	0.000357143	0.836786	<1e-06	>357.27
0,1,2,3,2,1,0,2,4,2,5,5,6,7	0.000357143	0.837143	<1e-06	>357.27
0,1,2,3,4,1,5,5,5,6,3,7,7,5	0.000357143	0.8375	<1e-06	>357.27
0,1,2,3,4,1,5,5,5,6,3,7,8,9	0.000357143	0.837857	1e-06	357.27
0,1,2,3,4,1,5,5,5,6,7,3,7,8	0.000357143	0.838214	<1e-06	>357.27
0,1,2,3,4,1,5,5,5,6,7,7,7,0	0.000357143	0.838571	<1e-06	>357.27
0,1,2,3,4,1,5,5,5,6,7,7,7,5	0.000357143	0.838929	<1e-06	>357.27
0,1,2,3,4,1,5,5,5,6,7,7,7,8	0.000357143	0.839286	<1e-06	>357.27
0,1,2,3,4,1,5,5,5,6,7,7,8,5	0.000357143	0.839643	<1e-06	>357.27
0,1,2,3,4,1,5,5,6,0,3,3,3,0	0.000357143	0.84	<1e-06	>357.27
0,1,2,3,2,1,0,2,4,0,3,3,5,6	0.000357143	0.840357	<1e-06	>357.27
0,1,2,3,2,1,0,0,4,4,5,3,5,0	0.000357143	0.840714	<1e-06	>357.27
0,1,2,3,2,1,0,0,4,4,3,3,3,4	0.000357143	0.841071	<1e-06	>357.27
0,1,2,3,4,1,5,5,6,0,3,7,8,9	0.000357143	0.841429	<1e-06	>357.27
0,1,2,3,4,1,5,5,6,0,7,3,8,0	0.000357143	0.841786	<1e-06	>357.27
0,1,2,3,4,1,5,5,6,0,7,7,3,0	0.000357143	0.842143	<1e-06	>357.27
0,1,2,3,4,1,5,5,6,0,7,7,3,8	0.000357143	0.8425	<1e-06	>357.27
0,1,2,3,2,1,0,0,4,0,3,3,3,5	0.000357143	0.842857	<1e-06	>357.27
0,1,2,3,4,1,5,5,6,2,3,3,3,2	0.000357143	0.843214	<1e-06	>357.27
0,1,2,3,2,1,0,0,0,4,3,3,5,6	0.000357143	0.843571	<1e-06	>357.27
0,1,2,3,4,1,5,5,6,2,3,3,3,6	0.000357143	0.843929	<1e-06	>357.27
0,1,2,3,2,1,0,0,0,4,3,3,3,5	0.000357143	0.844286	<1e-06	>357.27
0,1,2,3,4,1,5,5,6,2,3,3,7,6	0.000357143	0.844643	<1e-06	>357.27
0,1,2,3,4,1,5,5,6,2,3,7,8,9	0.000357143	0.845	<1e-06	>357.27
0,1,2,3,4,1,5,5,6,2,7,7,3,6	0.000357143	0.845357	<1e-06	>357.27
0,1,2,3,4,1,5,5,6,2,7,7,7,5	0.000357143	0.845714	<1e-06	>357.27
0,1,2,3,4,1,5,5,6,2,7,7,7,8	0.000357143	0.846071	<1e-06	>357.27
0,1,2,3,2,1,0,0,0,4,3,3,3,0	0.000357143	0.846429	<1e-06	>357.27
0,1,2,3,4,1,5,5,6,4,3,3,7,8	0.000357143	0.846786	<1e-06	>357.27
0,1,2,3,4,1,5,5,6,5,3,1,3,7	0.000357143	0.847143	<1e-06	>357.27
0,1,2,3,2,1,0,0,0,0,4,4,1,0	0.000357143	0.8475	<1e-06	>357.27
0,1,2,3,0,1,4,5,6,2,7,8,7,6	0.000357143	0.847857	<1e-06	>357.27
0,1,2,3,0,1,4,5,5,4,3,3,3,4	0.000357143	0.848214	<1e-06	>357.27
0,1,2,3,0,1,4,5,4,5,3,6,3,4	0.000357143	0.848571	<1e-06	>357.27
0,1,2,3,0,1,4,5,2,6,7,3,3,6	0.000357143	0.848929	<1e-06	>357.27
0,1,2,3,4,1,5,5,6,5,3,3,7,5	0.000357143	0.849286	<1e-06	>357.27
0,1,2,3,4,1,5,5,6,5,3,7,3,5	0.000357143	0.849643	<1e-06	>357.27
0,1,2,3,4,1,5,5,6,5,3,7,3,8	0.000357143	0.85	1e-06	357.27
0,1,2,3,4,1,5,5,6,5,3,7,7,8	0.000357143	0.850357	<1e-06	>357.27
0,1,2,3,4,1,5,5,6,5,7,3,3,8	0.000357143	0.850714	<1e-06	>357.27
0,1,2,3,4,1,5,5,6,5,7,7,3,8	0.000357143	0.851071	<1e-06	>357.27
0,1,2,3,0,1,4,4,5,6,7,3,7,8	0.000357143	0.851429	<1e-06	>357.27
0,1,2,3,4,1,5,5,6,5,7,7,7,5	0.000357143	0.851786	<1e-06	>357.27
0,1,2,3,0,1,4,4,5,6,3,3,3,6	0.000357143	0.852143	<1e-06	>357.27
0,1,2,3,4,1,5,5,6,5,7,8,3,0	0.000357143	0.8525	1e-06	357.27
0,1,2,3,4,1,5,5,6,5,7,8,3,5	0.000357143	0.852857	<1e-06	>357.27
0,1,2,3,0,1,4,4,5,2,3,3,3,5	0.000357143	0.853214	<1e-06	>357.27
0,1,2,3,0,1,4,4,4,5,3,3,6,7	0.000357143	0.853571	<1e-06	>357.27
0,1,2,3,0,1,4,4,4,5,3,3,3,4	0.000357143	0.853929	<1e-06	>357.27
0,1,2,3,0,1,4,4,0,2,3,3,3,5	0.000357143	0.854286	<1e-06	>357.27
0,1,2,3,4,1,5,5,6,6,3,7,3,5	0.000357143	0.854643	<1e-06	>357.27
0,1,2,3,0,1,4,2,5,6,7,3,3,4	0.000357143	0.855	<1e-06	>357.27
0,1,2,3,4,1,5,5,6,6,3,7,8,6	0.000357143	0.855357	<1e-06	>357.27
0,1,2,3,4,1,5,5,6,6,7,3,3,5	0.000357143	0.855714	<1e-06	>357.27
0,1,2,3,4,1,5,5,6,6,7,7,3,5	0.000357143	0.856071	<1e-06	>357.27
0,1,2,3,4,1,5,5,6,6,7,8,7,6	0.000357143	0.856429	<1e-06	>357.27
0,1,2,3,0,1,4,2,4,2,3,3,3,5	0.000357143	0.856786	<1e-06	>357.27
0,1,2,3,0,1,4,0,5,2,3,3,3,6	0.000357143	0.857143	<1e-06	>357.27
0,1,2,3,0,1,2,4,5,6,3,3,3,4	0.000357143	0.8575	<1e-06	>357.27
0,1,2,3,0,1,0,4,5,0,3,3,3,6	0.000357143	0.857857	<1e-06	>357.27
0,1,0,2,3,4,0,5,0,0,2,2,2,5	0.000357143	0.858214	<1e-06	>357.27
0,1,2,3,4,1,5,5,6,7,3,3,8,0	0.000357143	0.858571	<1e-06	>357.27
0,1,2,3,4,1,5,5,6,7,3,3,8,6	0.000357143	0.858929	<1e-06	>357.27
0,1,2,3,4,1,5,5,6,7,3,3,8,7	0.000357143	0.859286	<1e-06	>357.27
0,1,2,3,4,1,5,5,6,7,3,8,3,5	0.000357143	0.859643	<1e-06	>357.27
0,1,0,2,3,4,0,0,0,5,2,2,2,0	0.000357143	0.86	<1e-06	>357.27
0,1,0,2,3,4,0,0,0,0,2,2,2,5	0.000357143	0.860357	<1e-06	>357.27
0,1,2,3,4,1,5,5,6,7,3,8,8,7	0.000357143	0.860714	<1e-06	>357.27
0,1,0,2,3,1,4,5,6,7,8,2,8,9	0.000357143	0.861071	<1e-06	>357.27
0,1,0,2,3,1,4,5,6,7,2,8,2,4	0.000357143	0.861429	<1e-06	>357.27
0,1,2,3,4,1,5,5,6,7,8,8,3,7	0.000357143	0.861786	<1e-06	>357.27
0,1,2,3,4,1,5,5,6,7,8,8,3,9	0.000357143	0.862143	1e-06	357.27
0,1,0,2,3,1,4,5,6,7,2,2,2,8	0.000357143	0.8625	<1e-06	>357.27
0,1,2,3,4,1,5,5,6,7,8,8,8,7	0.000357143	0.862857	<1e-06	>357.27
0,1,2,3,4,1,5,5,6,7,8,8,8,9	0.000357143	0.863214	<1e-06	>357.27
0,1,2,3,4,1,5,5,6,7,8,8,9,5	0.000357143	0.863571	<1e-06	>357.27
0,1,2,3,4,1,5,5,6,7,8,8,9,10	0.000357143	0.863929	<1e-06	>357.27
0,1,2,3,4,1,5,5,6,7,8,9,3,5	0.000357143	0.864286	<1e-06	>357.27
0,1,0,2,3,1,4,5,6,7,2,2,2,7	0.000357143	0.864643	<1e-06	>357.27
0,1,2,3,4,1,5,6,0,0,3,3,3,6	0.000357143	0.865	<1e-06	>357.27
0,1,0,2,3,1,4,5,6,7,2,2,2,6	0.000357143	0.865357	<1e-06	>357.27
0,1,2,3,4,1,5,6,0,0,3,7,3,8	0.000357143	0.865714	<1e-06	>357.27
0,1,2,3,4,1,5,6,0,0,7,3,3,0	0.000357143	0.866071	<1e-06	>357.27
0,1,2,3,4,1,5,6,0,0,7,3,3,8	0.000357143	0.866429	<1e-06	>357.27
0,1,2,3,4,1,5,6,0,0,7,7,8,0	0.000357143	0.866786	<1e-06	>357.27
0,1,2,3,4,1,5,6,0,2,3,3,3,6	0.000357143	0.867143	<1e-06	>357.27
0,1,2,3,4,1,5,6,0,2,3,3,3,7	0.000357143	0.8675	<1e-06	>357.27
0,1,2,3,4,1,5,6,0,4,3,3,3,5	0.000357143	0.867857	<1e-06	>357.27
0,1,2,3,4,1,5,6,0,4,7,7,7,8	0.000357143	0.868214	1e-06	357.27
0,1,2,3,4,1,5,6,0,5,3,3,3,0	0.000357143	0.868571	<1e-06	>357.27
0,1,2,3,4,1,5,6,0,5,3,3,3,5	0.000357143	0.868929	<1e-06	>357.27
0,1,2,3,4,1,5,6,0,5,3,3,3,7	0.000357143	0.869286	<1e-06	>357.27
0,1,2,3,4,1,5,6,0,5,7,8,7,9	0.000357143	0.869643	1e-06	357.27
0,1,2,3,4,1,5,6,0,6,3,3,3,6	0.000357143	0.87	<1e-06	>357.27
0,1,2,3,4,1,5,6,0,6,3,7,3,8	0.000357143	0.870357	<1e-06	>357.27
0,1,2,3,4,1,5,6,0,6,7,3,3,2	0.000357143	0.870714	<1e-06	>357.27
0,1,2,3,4,1,5,6,0,6,7,8,7,9	0.000357143	0.871071	<1e-06	>357.27
0,1,0,2,3,1,4,5,6,7,2,2,2,5	0.000357143	0.871429	<1e-06	>357.27
0,1,2,3,4,1,5,6,0,7,3,3,3,5	0.000357143	0.871786	<1e-06	>357.27
0,1,2,3,4,1,5,6,0,7,3,3,3,6	0.000357143	0.872143	<1e-06	>357.27
0,1,0,2,3,1,4,5,6,5,2,2,2,5	0.000357143	0.8725	<1e-06	>357.27
0,1,2,3,4,1,5,6,0,7,3,3,3,8	0.000357143	0.872857	<1e-06	>357.27
0,1,2,3,4,1,5,6,0,7,3,3,8,0	0.000357143	0.873214	<1e-06	>357.27
0,1,2,3,4,1,5,6,0,7,3,8,3,6	0.000357143	0.873571	<1e-06	>357.27
0,1,2,3,4,1,5,6,0,7,3,8,8,6	0.000357143	0.873929	<1e-06	>357.27
0,1,2,3,4,1,5,6,0,7,8,3,8,0	0.000357143	0.874286	<1e-06	>357.27
0,1,2,3,4,1,5,6,0,7,8,3,8,9	0.000357143	0.874643	<1e-06	>357.27
0,1,2,3,4,1,5,6,0,7,8,3,9,0	0.000357143	0.875	<1e-06	>357.27
0,1,2,3,4,1,5,6,0,7,8,8,8,0	0.000357143	0.875357	<1e-06	>357.27
0,1,2,3,4,1,5,6,0,7,8,9,8,0	0.000357143	0.875714	<1e-06	>357.27
0,1,0,2,3,1,4,5,6,0,2,7,7,8	0.000357143	0.876071	<1e-06	>357.27
0,1,2,3,4,1,5,6,2,0,3,3,3,7	0.000357143	0.876429	<1e-06	>357.27
0,1,2,3,4,1,5,6,2,2,3,1,3,7	0.000357143	0.876786	<1e-06	>357.27
0,1,2,3,4,1,5,6,2,2,3,3,3,0	0.000357143	0.877143	<1e-06	>357.27
0,1,2,3,4,1,5,6,2,2,3,3,3,2	0.000357143	0.8775	<1e-06	>357.27
0,1,0,2,3,1,4,5,6,0,2,7,2,4	0.000357143	0.877857	<1e-06	>357.27
0,1,0,2,3,1,4,5,6,0,2,2,2,7	0.000357143	0.878214	<1e-06	>357.27
0,1,2,3,4,1,5,6,2,2,3,3,7,6	0.000357143	0.878571	<1e-06	>357.27
0,1,2,3,4,1,5,6,2,2,3,7,3,0	0.000357143	0.878929	<1e-06	>357.27
0,1,2,3,4,1,5,6,2,2,7,3,3,0	0.000357143	0.879286	<1e-06	>357.27
0,1,2,3,4,1,5,6,2,2,7,3,3,2	0.000357143	0.879643	<1e-06	>357.27
0,1,2,3,4,1,5,6,2,2,7,3,3,5	0.000357143	0.88	<1e-06	>357.27
0,1,2,3,4,1,5,6,2,2,7,7,8,0	0.000357143	0.880357	<1e-06	>357.27
0,1,2,3,4,1,5,6,2,4,3,3,3,2	0.000357143	0.880714	<1e-06	>357.27
0,1,2,3,4,1,5,6,2,5,3,3,3,0	0.000357143	0.881071	<1e-06	>357.27
0,1,0,2,3,1,4,5,6,0,2,2,2,4	0.000357143	0.881429	<1e-06	>357.27
0,1,0,2,3,1,4,5,5,6,2,2,2,7	0.000357143	0.881786	<1e-06	>357.27
0,1,0,2,3,1,4,5,5,5,6,6,2,7	0.000357143	0.882143	<1e-06	>357.27
0,1,2,3,4,1,5,6,2,5,3,3,7,8	0.000357143	0.8825	<1e-06	>357.27
0,1,2,3,4,1,5,6,2,5,3,7,3,5	0.000357143	0.882857	<1e-06	>357.27
0,1,2,3,4,1,5,6,2,5,3,7,3,8	0.000357143	0.883214	<1e-06	>357.27
0,1,0,2,3,1,4,5,5,5,2,2,6,7	0.000357143	0.883571	<1e-06	>357.27
0,1,2,3,4,1,5,6,2,5,7,7,7,2	0.000357143	0.883929	<1e-06	>357.27
0,1,0,2,3,1,4,5,5,5,2,2,6,5	0.000357143	0.884286	<1e-06	>357.27
0,1,0,2,3,1,4,5,5,5,2,2,2,5	0.000357143	0.884643	<1e-06	>357.27
0,1,0,2,3,1,4,5,5,5,2,2,2,0	0.000357143	0.885	<1e-06	>357.27
0,1,0,2,3,1,4,5,4,6,7,7,7,8	0.000357143	0.885357	<1e-06	>357.27
0,1,2,3,4,1,5,6,2,6,3,7,3,6	0.000357143	0.885714	<1e-06	>357.27
0,1,2,3,4,1,5,6,2,6,7,3,3,8	0.000357143	0.886071	<1e-06	>357.27
0,1,0,2,3,1,4,5,4,6,7,2,2,8	0.000357143	0.886429	<1e-06	>357.27
0,1,0,2,3,1,4,5,4,6,2,2,2,0	0.000357143	0.886786	<1e-06	>357.27
0,1,0,2,3,1,4,5,4,5,6,2,7,5	0.000357143	0.887143	<1e-06	>357.27
0,1,0,2,3,1,4,5,4,5,2,6,2,4	0.000357143	0.8875	<1e-06	>357.27
0,1,0,2,3,1,4,5,4,4,2,2,2,4	0.000357143	0.887857	<1e-06	>357.27
0,1,2,3,4,1,5,6,2,7,3,3,8,5	0.000357143	0.888214	<1e-06	>357.27
0,1,2,3,4,1,5,6,2,7,8,3,3,0	0.000357143	0.888571	<1e-06	>357.27
0,1,0,2,3,1,4,5,3,0,2,2,2,5	0.000357143	0.888929	<1e-06	>357.27
0,1,2,3,4,1,5,6,2,7,8,3,8,5	0.000357143	0.889286	<1e-06	>357.27
0,1,2,3,4,1,5,6,2,7,8,3,9,10	0.000357143	0.889643	<1e-06	>357.27
0,1,2,3,4,1,5,6,2,7,8,8,3,6	0.000357143	0.89	<1e-06	>357.27
0,1,0,2,3,1,4,5,0,6,2,2,2,5	0.000357143	0.890357	<1e-06	>357.27
0,1,2,3,4,1,5,6,2,7,8,8,8,0	0.000357143	0.890714	<1e-06	>357.27
0,1,0,2,3,1,4,5,0,5,6,2,6,5	0.000357143	0.891071	<1e-06	>357.27
0,1,2,3,4,1,5,6,2,7,8,8,9,10	0.000357143	0.891429	2e-06	178.635
0,1,2,3,4,1,5,6,4,0,3,3,7,6	0.000357143	0.891786	<1e-06	>357.27
0,1,2,3,4,1,5,6,4,4,3,3,3,7	0.000357143	0.892143	<1e-06	>357.27
0,1,2,3,4,1,5,6,4,4,7,3,7,6	0.000357143	0.8925	<1e-06	>357.27
0,1,2,3,4,1,5,6,4,7,3,3,3,5	0.000357143	0.892857	<1e-06	>357.27
0,1,2,3,4,1,5,6,5,0,3,3,3,7	0.000357143	0.893214	<1e-06	>357.27
0,1,2,3,4,1,5,6,5,0,3,7,3,8	0.000357143	0.893571	<1e-06	>357.27
0,1,2,3,4,1,5,6,5,0,7,7,7,5	0.000357143	0.893929	<1e-06	>357.27
0,1,2,3,4,1,5,6,5,0,7,8,3,0	0.000357143	0.894286	1e-06	357.27
0,1,2,3,4,1,5,6,5,0,7,8,7,5	0.000357143	0.894643	<1e-06	>357.27
0,1,0,2,3,1,4,5,0,5,6,2,1,7	0.000357143	0.895	<1e-06	>357.27
0,1,0,2,3,1,4,5,0,5,2,6,6,5	0.000357143	0.895357	<1e-06	>357.27
0,1,2,3,4,1,5,6,5,2,3,3,3,6	0.000357143	0.895714	<1e-06	>357.27
0,1,0,2,3,1,4,5,0,3,6,2,2,0	0.000357143	0.896071	<1e-06	>357.27
0,1,2,3,4,1,5,6,5,2,3,7,3,0	0.000357143	0.896429	<1e-06	>357.27
0,1,0,2,3,1,4,5,0,0,6,6,6,0	0.000357143	0.896786	<1e-06	>357.27
0,1,2,3,4,1,5,6,5,2,7,7,3,6	0.000357143	0.897143	<1e-06	>357.27
0,1,0,2,3,1,4,5,0,0,2,6,2,7	0.000357143	0.8975	<1e-06	>357.27
0,1,2,3,4,1,5,6,5,5,3,3,3,2	0.000357143	0.897857	<1e-06	>357.27
0,1,0,2,3,1,4,4,5,6,7,2,2,6	0.000357143	0.898214	<1e-06	>357.27
0,1,0,2,3,1,4,4,5,6,2,2,2,0	0.000357143	0.898571	<1e-06	>357.27
0,1,0,2,3,1,4,4,5,5,2,2,2,5	0.000357143	0.898929	<1e-06	>357.27
0,1,2,3,4,1,5,6,5,5,3,3,7,0	0.000357143	0.899286	<1e-06	>357.27
0,1,0,2,3,1,4,4,5,5,2,2,2,0	0.000357143	0.899643	<1e-06	>357.27
0,1,2,3,4,1,5,6,5,5,3,7,3,6	0.000357143	0.9	<1e-06	>357.27
0,1,2,3,4,1,5,6,5,5,3,7,3,8	0.000357143	0.900357	1e-06	357.27
0,1,2,3,4,1,5,6,5,5,7,3,3,0	0.000357143	0.900714	<1e-06	>357.27
0,1,2,3,4,1,5,6,5,5,7,3,3,8	0.000357143	0.901071	1e-06	357.27
0,1,2,3,4,1,5,6,5,5,7,3,7,8	0.000357143	0.901429	<1e-06	>357.27
0,1,2,3,4,1,5,6,5,5,7,7,3,8	0.000357143	0.901786	<1e-06	>357.27
0,1,2,3,4,1,5,6,5,5,7,7,7,6	0.000357143	0.902143	<1e-06	>357.27
0,1,2,3,4,1,5,6,5,5,7,7,8,9	0.000357143	0.9025	<1e-06	>357.27
0,1,2,3,4,1,5,6,5,5,7,8,7,5	0.000357143	0.902857	<1e-06	>357.27
0,1,2,3,4,1,5,6,5,5,7,8,7,9	0.000357143	0.903214	<1e-06	>357.27
0,1,2,3,4,1,5,6,5,5,7,8,9,10	0.000357143	0.903571	2e-06	178.635
0,1,0,2,3,1,4,4,5,4,2,2,2,4	0.000357143	0.903929	<1e-06	>357.27
0,1,0,2,3,1,4,4,5,0,6,2,2,7	0.000357143	0.904286	<1e-06	>357.27
0,1,0,2,3,1,4,4,4,5,2,2,6,7	0.000357143	0.904643	<1e-06	>357.27
0,1,2,3,4,1,5,6,5,6,3,3,7,6	0.000357143	0.905	<1e-06	>357.27
0,1,0,2,3,1,4,4,4,5,2,2,2,0	0.000357143	0.905357	<1e-06	>357.27
0,1,2,3,4,1,5,6,5,6,3,7,7,8	0.000357143	0.905714	<1e-06	>357.27
0,1,2,3,4,1,5,6,5,6,7,3,7,8	0.000357143	0.906071	<1e-06	>357.27
0,1,0,2,3,1,4,4,4,4,2,2,2,5	0.000357143	0.906429	<1e-06	>357.27
0,1,0,2,3,1,4,4,4,0,2,5,5,6	0.000357143	0.906786	<1e-06	>357.27
0,1,0,2,3,1,4,4,0,5,2,6,6,5	0.000357143	0.907143	<1e-06	>357.27
0,1,0,2,3,1,4,4,0,5,2,2,2,6	0.000357143	0.9075	<1e-06	>357.27
0,1,0,2,3,1,4,4,0,4,2,5,2,6	0.000357143	0.907857	<1e-06	>357.27
0,1,0,2,3,1,4,3,0,5,2,6,2,4	0.000357143	0.908214	<1e-06	>357.27
0,1,2,3,4,1,5,6,5,7,3,3,8,6	0.000357143	0.908571	<1e-06	>357.27
0,1,2,3,4,1,5,6,5,7,3,3,8,9	0.000357143	0.908929	<1e-06	>357.27
0,1,2,3,4,1,5,6,5,7,3,8,3,5	0.000357143	0.909286	<1e-06	>357.27
0,1,2,3,4,1,5,6,5,7,3,8,3,9	0.000357143	0.909643	1e-06	357.27
0,1,2,3,4,1,5,6,5,7,8,3,3,0	0.000357143	0.91	<1e-06	>357.27
0,1,2,3,4,1,5,6,5,7,8,3,3,9	0.000357143	0.910357	<1e-06	>357.27
0,1,2,3,4,1,5,6,5,7,8,8,3,9	0.000357143	0.910714	1e-06	357.27
0,1,2,3,4,1,5,6,5,7,8,8,8,5	0.000357143	0.911071	<1e-06	>357.27
0,1,0,2,3,1,4,0,5,6,7,2,8,6	0.000357143	0.911429	<1e-06	>357.27
0,1,0,2,3,1,4,0,5,6,7,2,7,0	0.000357143	0.911786	<1e-06	>357.27
0,1,2,3,4,1,5,6,6,0,3,3,3,5	0.000357143	0.912143	<1e-06	>357.27
0,1,0,2,3,1,4,0,5,6,2,2,2,0	0.000357143	0.9125	<1e-06	>357.27
0,1,2,3,4,1,5,6,6,0,3,3,7,8	0.000357143	0.912857	<1e-06	>357.27
0,1,2,3,4,1,5,6,6,0,7,3,3,0	0.000357143	0.913214	1e-06	357.27
0,1,2,3,4,1,5,6,6,0,7,7,7,6	0.000357143	0.913571	<1e-06	>357.27
0,1,2,3,4,1,5,6,6,0,7,7,7,8	0.000357143	0.913929	<1e-06	>357.27
0,1,2,3,4,1,5,6,6,0,7,8,3,0	0.000357143	0.914286	<1e-06	>357.27
0,1,2,3,4,1,5,6,6,0,7,8,7,6	0.000357143	0.914643	<1e-06	>357.27
0,1,2,3,4,1,5,6,6,2,3,3,3,0	0.000357143	0.915	<1e-06	>357.27
0,1,2,3,4,1,5,6,6,2,3,3,3,2	0.000357143	0.915357	<1e-06	>357.27
0,1,0,2,3,1,4,0,5,5,2,2,2,0	0.000357143	0.915714	<1e-06	>357.27
0,1,2,3,4,1,5,6,6,2,3,3,3,6	0.000357143	0.916071	<1e-06	>357.27
0,1,0,2,3,1,4,0,5,4,2,2,2,6	0.000357143	0.916429	<1e-06	>357.27
0,1,2,3,4,1,5,6,6,2,3,3,7,8	0.000357143	0.916786	<1e-06	>357.27
0,1,2,3,4,1,5,6,6,2,3,7,3,8	0.000357143	0.917143	<1e-06	>357.27
0,1,2,3,4,1,5,6,6,2,3,7,7,8	0.000357143	0.9175	<1e-06	>357.27
0,1,2,3,4,1,5,6,6,2,7,3,3,2	0.000357143	0.917857	<1e-06	>357.27
0,1,2,3,4,1,5,6,6,2,7,3,3,6	0.000357143	0.918214	<1e-06	>357.27
0,1,2,3,4,1,5,6,6,2,7,7,7,5	0.000357143	0.918571	<1e-06	>357.27
0,1,2,3,4,1,5,6,6,2,7,7,7,8	0.000357143	0.918929	<1e-06	>357.27
0,1,2,3,4,1,5,6,6,4,7,3,3,8	0.000357143	0.919286	<1e-06	>357.27
0,1,2,3,4,1,5,6,6,5,3,3,3,0	0.000357143	0.919643	<1e-06	>357.27
0,1,2,3,4,1,5,6,6,5,3,3,3,5	0.000357143	0.92	<1e-06	>357.27
0,1,0,2,3,1,4,0,5,4,2,2,2,5	0.000357143	0.920357	<1e-06	>357.27
0,1,2,3,4,1,5,6,6,5,3,3,3,7	0.000357143	0.920714	<1e-06	>357.27
0,1,2,3,4,1,5,6,6,5,3,3,7,2	0.000357143	0.921071	<1e-06	>357.27
0,1,2,3,4,1,5,6,6,5,3,7,3,6	0.000357143	0.921429	<1e-06	>357.27
0,1,2,3,4,1,5,6,6,5,3,7,7,6	0.000357143	0.921786	<1e-06	>357.27
0,1,2,3,4,1,5,6,6,5,3,7,8,0	0.000357143	0.922143	<1e-06	>357.27
0,1,2,3,4,1,5,6,6,5,7,3,3,6	0.000357143	0.9225	<1e-06	>357.27
0,1,2,3,4,1,5,6,6,5,7,3,8,9	0.000357143	0.922857	1e-06	357.27
0,1,0,2,3,1,4,0,5,0,2,2,2,0	0.000357143	0.923214	<1e-06	>357.27
0,1,2,3,4,1,5,6,6,6,3,1,3,7	0.000357143	0.923571	<1e-06	>357.27
0,1,0,2,3,1,4,0,4,5,6,2,6,7	0.000357143	0.923929	<1e-06	>357.27
0,1,0,2,3,1,4,0,4,5,2,2,2,5	0.000357143	0.924286	<1e-06	>357.27
0,1,0,2,3,1,4,0,4,4,5,5,5,4	0.000357143	0.924643	<1e-06	>357.27
0,1,0,2,3,1,4,0,4,4,2,5,2,6	0.000357143	0.925	<1e-06	>357.27
0,1,2,3,4,1,5,6,6,6,3,3,7,0	0.000357143	0.925357	<1e-06	>357.27
0,1,2,3,4,1,5,6,6,6,3,3,7,6	0.000357143	0.925714	<1e-06	>357.27
0,1,0,2,3,1,4,0,4,0,2,2,2,4	0.000357143	0.926071	<1e-06	>357.27
0,1,2,3,4,1,5,6,6,6,3,7,3,8	0.000357143	0.926429	<1e-06	>357.27
0,1,2,3,4,1,5,6,6,6,3,7,7,8	0.000357143	0.926786	<1e-06	>357.27
0,1,2,3,4,1,5,6,6,6,3,7,8,6	0.000357143	0.927143	<1e-06	>357.27
0,1,0,2,3,1,4,0,0,5,6,6,6,0	0.000357143	0.9275	<1e-06	>357.27
0,1,0,2,3,1,4,0,0,5,6,2,6,5	0.000357143	0.927857	<1e-06	>357.27
0,1,2,3,4,1,5,6,6,6,7,7,7,0	0.000357143	0.928214	<1e-06	>357.27
0,1,0,2,3,1,4,0,0,5,6,2,2,7	0.000357143	0.928571	<1e-06	>357.27
0,1,2,3,4,1,5,6,6,6,7,7,8,6	0.000357143	0.928929	<1e-06	>357.27
0,1,2,3,4,1,5,6,6,6,7,8,7,6	0.000357143	0.929286	<1e-06	>357.27
0,1,0,2,3,1,4,0,0,5,2,2,2,4	0.000357143	0.929643	<1e-06	>357.27
0,1,0,2,3,1,4,0,0,4,2,2,2,4	0.000357143	0.93	<1e-06	>357.27
0,1,0,2,3,1,4,0,0,0,5,5,2,0	0.000357143	0.930357	<1e-06	>357.27
0,1,0,2,3,1,4,0,0,0,2,5,2,0	0.000357143	0.930714	<1e-06	>357.27
0,1,0,2,3,1,4,0,0,0,2,2,2,5	0.000357143	0.931071	<1e-06	>357.27
0,1,2,3,4,1,5,6,6,7,3,3,8,5	0.000357143	0.931429	<1e-06	>357.27
0,1,0,2,3,1,3,4,5,5,6,6,6,7	0.000357143	0.931786	<1e-06	>357.27
0,1,2,3,4,1,5,6,6,7,3,3,8,9	0.000357143	0.932143	1e-06	357.27
0,1,2,3,4,1,5,6,6,7,3,8,3,7	0.000357143	0.9325	<1e-06	>357.27
0,1,0,2,3,1,0,4,5,6,2,2,2,7	0.000357143	0.932857	<1e-06	>357.27
0,1,2,3,4,1,5,6,6,7,3,8,8,5	0.000357143	0.933214	<1e-06	>357.27
0,1,2,3,4,1,5,6,6,7,3,8,8,9	0.000357143	0.933571	<1e-06	>357.27
0,1,2,3,4,1,5,6,6,7,8,3,3,0	0.000357143	0.933929	<1e-06	>357.27
0,1,2,3,4,1,5,6,6,7,8,3,3,5	0.000357143	0.934286	<1e-06	>357.27
0,1,0,2,3,1,0,4,5,6,2,2,2,4	0.000357143	0.934643	<1e-06	>357.27
0,1,2,3,4,1,5,6,6,7,8,3,3,9	0.000357143	0.935	<1e-06	>357.27
0,1,2,3,4,1,5,6,6,7,8,8,3,5	0.000357143	0.935357	<1e-06	>357.27
0,1,2,3,4,1,5,6,6,7,8,8,3,6	0.000357143	0.935714	<1e-06	>357.27
0,1,2,3,4,1,5,6,6,7,8,8,3,9	0.000357143	0.936071	<1e-06	>357.27
0,1,0,2,3,1,0,4,5,6,2,2,2,0	0.000357143	0.936429	<1e-06	>357.27
0,1,0,2,3,1,0,4,5,5,2,2,2,5	0.000357143	0.936786	<1e-06	>357.27
0,1,2,3,4,1,5,6,6,7,8,9,3,10	0.000357143	0.937143	<1e-06	>357.27
0,1,2,3,4,1,5,6,6,7,8,9,10,11	0.000357143	0.9375	5e-06	71.4537
0,1,0,2,3,1,0,4,5,5,2,2,2,4	0.000357143	0.937857	<1e-06	>357.27
0,1,2,3,4,1,5,6,7,0,3,3,3,2	0.000357143	0.938214	<1e-06	>357.27
0,1,0,2,3,1,0,4,5,4,2,6,6,4	0.000357143	0.938571	<1e-06	>357.27
0,1,0,2,3,1,0,4,5,0,2,2,6,0	0.000357143	0.938929	<1e-06	>357.27
0,1,0,2,3,1,0,4,5,0,2,2,2,0	0.000357143	0.939286	<1e-06	>357.27
0,1,2,3,4,1,5,6,7,0,3,3,8,0	0.000357143	0.939643	<1e-06	>357.27
0,1,2,3,4,1,5,6,7,0,3,8,8,7	0.000357143	0.94	<1e-06	>357.27
0,1,2,3,4,1,5,6,7,0,8,3,3,0	0.000357143	0.940357	<1e-06	>357.27
0,1,2,3,4,1,5,6,7,0,8,3,9,10	0.000357143	0.940714	2e-06	178.635
0,1,2,3,4,1,5,6,7,0,8,8,3,9	0.000357143	0.941071	<1e-06	>357.27
0,1,2,3,4,1,5,6,7,0,8,8,8,0	0.000357143	0.941429	<1e-06	>357.27
0,1,0,2,3,1,0,4,4,5,2,2,2,4	0.000357143	0.941786	<1e-06	>357.27
0,1,2,3,4,1,5,6,7,0,8,8,9,0	0.000357143	0.942143	1e-06	357.27
0,1,2,3,4,1,5,6,7,2,3,3,3,0	0.000357143	0.9425	<1e-06	>357.27
0,1,0,2,3,1,0,4,4,4,5,5,5,4	0.000357143	0.942857	<1e-06	>357.27
0,1,0,2,3,1,0,4,4,4,5,5,2,4	0.000357143	0.943214	<1e-06	>357.27
0,1,0,2,3,1,0,4,4,4,2,5,5,4	0.000357143	0.943571	<1e-06	>357.27
0,1,0,2,3,1,0,4,4,4,2,2,2,4	0.000357143	0.943929	<1e-06	>357.27
0,1,0,2,3,1,0,4,4,0,2,2,2,0	0.000357143	0.944286	<1e-06	>357.27
0,1,2,3,4,1,5,6,7,2,3,3,8,0	0.000357143	0.944643	<1e-06	>357.27
0,1,2,3,4,1,5,6,7,2,3,3,8,2	0.000357143	0.945	<1e-06	>357.27
0,1,2,3,4,1,5,6,7,2,3,3,8,9	0.000357143	0.945357	<1e-06	>357.27
0,1,2,3,4,1,5,6,7,2,3,8,3,0	0.000357143	0.945714	<1e-06	>357.27
0,1,2,3,4,1,5,6,7,2,3,8,3,2	0.000357143	0.946071	<1e-06	>357.27
0,1,2,3,4,1,5,6,7,2,3,8,3,6	0.000357143	0.946429	<1e-06	>357.27
0,1,2,3,4,1,5,6,7,2,3,8,8,9	0.000357143	0.946786	1e-06	357.27
0,1,2,3,4,1,5,6,7,2,3,8,9,10	0.000357143	0.947143	3e-06	119.09
0,1,2,3,4,1,5,6,7,2,8,3,3,0	0.000357143	0.9475	<1e-06	>357.27
0,1,2,3,4,1,5,6,7,2,8,3,3,9	0.000357143	0.947857	<1e-06	>357.27
0,1,0,2,3,1,0,4,0,5,2,6,7,0	0.000357143	0.948214	<1e-06	>357.27
0,1,2,3,4,1,5,6,7,2,8,8,8,9	0.000357143	0.948571	<1e-06	>357.27
0,1,2,3,4,1,5,6,7,4,3,3,3,7	0.000357143	0.948929	<1e-06	>357.27
0,1,2,3,4,1,5,6,7,4,3,3,8,5	0.000357143	0.949286	<1e-06	>357.27
0,1,2,3,4,1,5,6,7,4,3,8,3,0	0.000357143	0.949643	<1e-06	>357.27
0,1,2,3,4,1,5,6,7,4,8,3,9,6	0.000357143	0.95	<1e-06	>357.27
0,1,0,2,3,1,0,4,0,5,2,6,2,7	0.000357143	0.950357	<1e-06	>357.27
0,1,0,2,3,1,0,4,0,5,2,6,2,4	0.000357143	0.950714	<1e-06	>357.27
0,1,0,2,3,1,0,4,0,5,2,2,2,5	0.000357143	0.951071	<1e-06	>357.27
0,1,0,2,3,1,0,4,0,4,2,5,2,6	0.000357143	0.951429	<1e-06	>357.27
0,1,0,2,3,1,0,4,0,0,5,5,6,4	0.000357143	0.951786	<1e-06	>357.27
0,1,2,3,4,1,5,6,7,5,3,3,8,5	0.000357143	0.952143	<1e-06	>357.27
0,1,2,3,4,1,5,6,7,5,3,3,8,9	0.000357143	0.9525	1e-06	357.27
0,1,2,3,4,1,5,6,7,5,3,8,3,5	0.000357143	0.952857	<1e-06	>357.27
0,1,2,3,4,1,5,6,7,5,3,8,3,9	0.000357143	0.953214	<1e-06	>357.27
0,1,2,3,4,1,5,6,7,5,3,8,8,5	0.000357143	0.953571	<1e-06	>357.27
0,1,2,3,4,1,5,6,7,5,3,8,8,9	0.000357143	0.953929	<1e-06	>357.27
0,1,2,3,4,1,5,6,7,5,8,1,3,9	0.000357143	0.954286	<1e-06	>357.27
0,1,2,3,4,1,5,6,7,5,8,3,3,0	0.000357143	0.954643	<1e-06	>357.27
0,1,0,2,3,1,0,4,0,0,5,5,5,6	0.000357143	0.955	<1e-06	>357.27
0,1,2,3,4,1,5,6,7,5,8,8,3,5	0.000357143	0.955357	<1e-06	>357.27
0,1,2,3,4,1,5,6,7,5,8,8,3,7	0.000357143	0.955714	<1e-06	>357.27
0,1,2,3,4,1,5,6,7,5,8,8,3,9	0.000357143	0.956071	<1e-06	>357.27
0,1,2,3,4,1,5,6,7,5,8,8,8,0	0.000357143	0.956429	<1e-06	>357.27
0,1,0,2,3,1,0,4,0,0,2,5,5,4	0.000357143	0.956786	<1e-06	>357.27
0,1,2,3,4,1,5,6,7,5,8,8,8,9	0.000357143	0.957143	<1e-06	>357.27
0,1,2,3,4,1,5,6,7,5,8,8,9,7	0.000357143	0.9575	<1e-06	>357.27
0,1,2,3,4,1,5,6,7,5,8,9,3,2	0.000357143	0.957857	<1e-06	>357.27
0,1,2,3,4,1,5,6,7,5,8,9,8,5	0.000357143	0.958214	1e-06	357.27
0,1,2,3,4,1,5,6,7,5,8,9,8,6	0.000357143	0.958571	<1e-06	>357.27
0,1,2,3,4,1,5,6,7,5,8,9,8,7	0.000357143	0.958929	<1e-06	>357.27
0,1,2,3,4,1,5,6,7,6,3,1,3,8	0.000357143	0.959286	<1e-06	>357.27
0,1,0,2,3,1,0,4,0,0,2,2,2,4	0.000357143	0.959643	<1e-06	>357.27
0,1,0,2,3,1,0,4,0,0,2,2,2,0	0.000357143	0.96	<1e-06	>357.27
0,1,0,2,3,1,0,3,0,0,4,2,2,0	0.000357143	0.960357	<1e-06	>357.27
0,1,0,2,3,1,0,0,4,5,6,6,6,5	0.000357143	0.960714	<1e-06	>357.27
0,1,0,2,3,1,0,0,4,5,6,2,2,7	0.000357143	0.961071	<1e-06	>357.27
0,1,2,3,4,1,5,6,7,6,3,8,3,0	0.000357143	0.961429	<1e-06	>357.27
0,1,2,3,4,1,5,6,7,6,8,3,3,6	0.000357143	0.961786	<1e-06	>357.27
0,1,2,3,4,1,5,6,7,6,8,3,3,9	0.000357143	0.962143	<1e-06	>357.27
0,1,2,3,4,1,5,6,7,6,8,3,9,6	0.000357143	0.9625	<1e-06	>357.27
0,1,0,2,3,1,0,0,4,5,2,6,6,5	0.000357143	0.962857	<1e-06	>357.27
0,1,2,3,4,1,5,6,7,6,8,8,8,7	0.000357143	0.963214	<1e-06	>357.27
0,1,2,3,4,1,5,6,7,7,3,3,3,0	0.000357143	0.963571	<1e-06	>357.27
0,1,2,3,4,1,5,6,7,7,3,3,3,2	0.000357143	0.963929	<1e-06	>357.27
0,1,0,2,3,1,0,0,4,5,2,2,2,5	0.000357143	0.964286	<1e-06	>357.27
0,1,0,2,3,1,0,0,4,4,2,2,5,4	0.000357143	0.964643	<1e-06	>357.27
0,1,0,2,3,1,0,0,4,4,2,2,2,0	0.000357143	0.965	<1e-06	>357.27
0,1,0,2,3,1,0,0,4,0,5,5,5,6	0.000357143	0.965357	<1e-06	>357.27
0,1,0,2,3,1,0,0,4,0,5,2,2,4	0.000357143	0.965714	<1e-06	>357.27
0,1,2,3,4,1,5,6,7,7,3,8,3,7	0.000357143	0.966071	<1e-06	>357.27
0,1,2,3,4,1,5,6,7,7,3,8,3,9	0.000357143	0.966429	<1e-06	>357.27
0,1,2,3,4,1,5,6,7,7,3,8,8,5	0.000357143	0.966786	<1e-06	>357.27
0,1,2,3,4,1,5,6,7,7,3,8,8,7	0.000357143	0.967143	<1e-06	>357.27
0,1,0,2,3,1,0,0,4,0,2,2,5,0	0.000357143	0.9675	<1e-06	>357.27
0,1,0,2,3,1,0,0,4,0,2,2,2,4	0.000357143	0.967857	<1e-06	>357.27
0,1,2,3,4,1,5,6,7,7,8,3,3,7	0.000357143	0.968214	<1e-06	>357.27
0,1,0,2,3,1,0,0,4,0,2,2,2,0	0.000357143	0.968571	<1e-06	>357.27
0,1,2,3,4,1,5,6,7,7,8,3,8,9	0.000357143	0.968929	1e-06	357.27
0,1,2,3,4,1,5,6,7,7,8,8,3,5	0.000357143	0.969286	<1e-06	>357.27
0,1,2,3,4,1,5,6,7,7,8,8,8,0	0.000357143	0.969643	<1e-06	>357.27
0,1,2,3,4,1,5,6,7,7,8,8,8,7	0.000357143	0.97	<1e-06	>357.27
0,1,2,3,4,1,5,6,7,7,8,9,8,6	0.000357143	0.970357	<1e-06	>357.27
0,1,2,3,4,1,5,6,7,7,8,9,8,10	0.000357143	0.970714	<1e-06	>357.27
0,1,2,3,4,1,5,6,7,7,8,9,9,7	0.000357143	0.971071	<1e-06	>357.27
0,1,0,2,3,1,0,0,3,4,2,2,2,0	0.000357143	0.971429	<1e-06	>357.27
0,1,0,2,3,1,0,0,3,0,2,2,2,0	0.000357143	0.971786	<1e-06	>357.27
0,1,0,2,3,1,0,0,0,4,5,5,6,7	0.000357143	0.972143	<1e-06	>357.27
0,1,0,2,3,1,0,0,0,4,5,5,6,0	0.000357143	0.9725	<1e-06	>357.27
0,1,0,2,3,1,0,0,0,4,5,2,2,6	0.000357143	0.972857	<1e-06	>357.27
0,1,0,2,3,1,0,0,0,4,2,2,2,4	0.000357143	0.973214	<1e-06	>357.27
0,1,0,2,3,1,0,0,0,0,4,4,4,5	0.000357143	0.973571	<1e-06	>357.27
0,1,0,2,3,1,0,0,0,0,4,4,2,5	0.000357143	0.973929	<1e-06	>357.27
0,1,2,3,4,1,5,6,7,8,3,3,9,6	0.000357143	0.974286	<1e-06	>357.27
0,1,2,3,4,1,5,6,7,8,3,3,9,7	0.000357143	0.974643	<1e-06	>357.27
0,1,0,2,3,1,0,0,0,0,4,4,2,0	0.000357143	0.975	<1e-06	>357.27
0,1,0,2,3,1,0,0,0,0,4,2,4,5	0.000357143	0.975357	<1e-06	>357.27
0,1,2,3,4,1,5,6,7,8,3,9,3,5	0.000357143	0.975714	<1e-06	>357.27
0,1,2,3,4,1,5,6,7,8,3,9,3,6	0.000357143	0.976071	<1e-06	>357.27
0,1,0,2,3,1,0,0,0,0,4,2,2,5	0.000357143	0.976429	<1e-06	>357.27
0,1,0,2,3,1,0,0,0,0,2,4,4,0	0.000357143	0.976786	<1e-06	>357.27
0,1,2,3,4,1,5,6,7,8,3,9,10,8	0.000357143	0.977143	<1e-06	>357.27
0,1,2,3,4,1,5,6,7,8,9,3,3,5	0.000357143	0.9775	<1e-06	>357.27
0,1,2,3,4,1,5,6,7,8,9,3,3,6	0.000357143	0.977857	<1e-06	>357.27
0,1,0,2,3,1,0,0,0,0,2,4,2,5	0.000357143	0.978214	<1e-06	>357.27
0,1,2,3,4,1,5,6,7,8,9,9,3,10	0.000357143	0.978571	<1e-06	>357.27
0,1,2,3,4,1,5,6,7,8,9,9,9,0	0.000357143	0.978929	<1e-06	>357.27
0,1,0,2,3,1,0,0,0,0,2,4,2,0	0.000357143	0.979286	<1e-06	>357.27
0,1,2,3,4,1,5,6,7,8,9,9,9,10	0.000357143	0.979643	1e-06	357.27
0,1,2,3,4,1,5,6,7,8,9,10,3,8	0.000357143	0.98	<1e-06	>357.27
0,1,2,3,4,1,5,6,7,8,9,10,9,11	0.000357143	0.980357	8e-06	44.6584
0,1,2,3,4,1,5,6,7,8,9,10,10,8	0.000357143	0.980714	1e-06	357.27
0,1,2,3,4,1,5,6,7,8,9,10,11,0	0.000357143	0.981071	1e-05	35.7267
0,1,2,3,4,5,0,0,0,0,3,3,6,0	0.000357143	0.981429	<1e-06	>357.27
0,1,2,3,4,5,0,0,0,6,3,3,3,0	0.000357143	0.981786	<1e-06	>357.27
0,1,2,3,4,5,0,0,0,6,3,3,3,7	0.000357143	0.982143	<1e-06	>357.27
0,1,2,3,4,5,0,0,2,6,3,3,3,6	0.000357143	0.9825	<1e-06	>357.27
0,1,2,3,4,5,0,0,2,6,3,7,3,8	0.000357143	0.982857	<1e-06	>357.27
0,1,2,3,4,5,0,0,6,0,3,3,7,0	0.000357143	0.983214	<1e-06	>357.27
0,1,2,3,4,5,0,2,2,0,6,3,3,0	0.000357143	0.983571	<1e-06	>357.27
0,1,2,3,4,5,0,6,0,7,8,9,3,10	0.000357143	0.983929	2e-06	178.635
0,1,2,3,4,5,0,6,2,6,3,3,3,7	0.000357143	0.984286	<1e-06	>357.27
0,1,2,3,4,5,0,6,6,7,3,3,3,0	0.000357143	0.984643	<1e-06	>357.27
0,1,2,3,4,5,0,6,6,7,3,8,8,9	0.000357143	0.985	<1e-06	>357.27
0,1,2,3,4,5,0,6,7,7,8,9,3,7	0.000357143	0.985357	<1e-06	>357.27
0,1,0,2,3,1,0,0,0,0,2,2,4,5	0.000357143	0.985714	<1e-06	>357.27
0,1,2,3,4,5,2,2,2,2,3,3,6,2	0.000357143	0.986071	<1e-06	>357.27
0,1,0,2,3,1,0,0,0,0,1,2,2,0	0.000357143	0.986429	<1e-06	>357.27
0,1,2,3,4,5,2,2,6,2,3,3,3,7	0.000357143	0.986786	<1e-06	>357.27
0,1,2,3,4,5,2,2,6,6,3,3,3,6	0.000357143	0.987143	<1e-06	>357.27
0,1,2,3,4,5,2,6,6,6,3,3,3,7	0.000357143	0.9875	<1e-06	>357.27
0,1,2,3,4,5,2,6,6,7,3,3,8,6	0.000357143	0.987857	<1e-06	>357.27
0,1,2,3,4,5,2,6,7,6,3,3,8,9	0.000357143	0.988214	<1e-06	>357.27
0,1,2,3,4,5,2,6,7,7,3,3,3,0	0.000357143	0.988571	<1e-06	>357.27
0,1,2,3,4,5,2,6,7,7,8,3,8,9	0.000357143	0.988929	<1e-06	>357.27
0,1,2,3,4,5,6,0,6,7,8,3,8,9	0.000357143	0.989286	<1e-06	>357.27
0,1,2,3,4,5,6,0,7,2,3,3,3,0	0.000357143	0.989643	<1e-06	>357.27
0,1,2,3,4,5,6,2,0,6,3,3,3,7	0.000357143	0.99	<1e-06	>357.27
0,1,2,3,4,5,6,2,2,2,3,3,3,2	0.000357143	0.990357	<1e-06	>357.27
0,1,2,3,4,5,6,2,6,6,3,3,3,6	0.000357143	0.990714	<1e-06	>357.27
0,1,2,3,4,5,6,2,7,6,8,3,3,7	0.000357143	0.991071	<1e-06	>357.27
0,1,2,3,4,5,6,2,7,8,3,3,3,9	0.000357143	0.991429	<1e-06	>357.27
0,1,2,3,4,5,6,2,7,8,3,9,3,10	0.000357143	0.991786	2e-06	178.635
0,1,2,3,4,5,6,6,0,0,3,3,3,7	0.000357143	0.992143	<1e-06	>357.27
0,1,2,3,4,5,6,6,2,2,3,3,3,7	0.000357143	0.9925	<1e-06	>357.27
0,1,2,3,4,5,6,6,2,6,3,7,3,8	0.000357143	0.992857	<1e-06	>357.27
0,1,2,3,4,5,6,6,2,7,3,3,3,0	0.000357143	0.993214	<1e-06	>357.27
0,1,2,3,4,5,6,6,2,7,3,3,3,8	0.000357143	0.993571	<1e-06	>357.27
0,1,2,3,4,5,6,6,6,6,3,3,3,6	0.000357143	0.993929	<1e-06	>357.27
0,1,2,3,4,5,6,6,6,6,3,3,3,7	0.000357143	0.994286	<1e-06	>357.27
0,1,2,3,4,5,6,6,7,6,3,3,3,8	0.000357143	0.994643	<1e-06	>357.27
0,1,2,3,4,5,6,6,7,6,8,3,3,6	0.000357143	0.995	<1e-06	>357.27
0,1,2,3,4,5,6,6,7,7,8,3,3,9	0.000357143	0.995357	<1e-06	>357.27
0,1,2,3,4,5,6,6,7,8,3,3,3,9	0.000357143	0.995714	<1e-06	>357.27
0,1,2,3,4,5,6,7,0,0,3,3,3,0	0.000357143	0.996071	<1e-06	>357.27
0,1,2,3,4,5,6,7,2,2,3,3,3,6	0.000357143	0.996429	<1e-06	>357.27
0,1,2,3,4,5,6,7,2,2,3,3,3,8	0.000357143	0.996786	<1e-06	>357.27
0,1,0,2,0,1,3,4,5,4,6,6,6,3	0.000357143	0.997143	<1e-06	>357.27
0,1,2,3,4,5,6,7,6,0,3,3,3,8	0.000357143	0.9975	<1e-06	>357.27
0,1,2,3,4,5,6,7,6,6,3,3,8,7	0.000357143	0.997857	<1e-06	>357.27
0,1,2,3,4,5,6,7,7,0,8,3,3,0	0.000357143	0.998214	<1e-06	>357.27
0,1,2,3,4,5,6,7,8,2,3,3,3,8	0.000357143	0.998571	<1e-06	>357.27
0,1,2,3,4,5,6,7,8,2,3,3,3,9	0.000357143	0.998929	<1e-06	>357.27
0,1,2,3,4,5,6,7,8,6,3,3,3,7	0.000357143	0.999286	1e-06	357.27
0,1,2,3,4,5,6,7,8,7,9,9,9,7	0.000357143	0.999643	<1e-06	>357.27
0,1,2,3,4,1,5,5,0,0,6,3,3,0	0.000357143	1	<1e-06	>357.27
