True FST: 0.11538461538461536
# permutations with FST > true FST: 11
Total permutations: 627
p-value: 0.017543859649122806

Group1	Group2	FST
Microhyla_mukhlesuri_KIZYN0705116_KU882378_CYTB_Microhyla2_Mekong_E,Microhyla_mukhlesuri_KIZYN0705148_KU882382_CYTB_Microhyla2_Mekong_E	|	Microhyla_mukhlesuri_KIZ04090_KU882358_CYTB_Microhyla2_Mekong_W,Microhyla_mukhlesuri_KIZ04163_KU882364_CYTB_Microhyla2_Mekong_W,Microhyla_mukhlesuri_KIZ04175_KU882362_CYTB_Microhyla2_Mekong_W,Microhyla_mukhlesuri_KIZ04194_KU882361_CYTB_Microhyla2_Mekong_W,Microhyla_mukhlesuri_KIZ046821_KU882368_CYTB_Microhyla2_Mekong_E,Microhyla_mukhlesuri_KIZ046824_KU882369_CYTB_Microhyla2_Mekong_E,Microhyla_mukhlesuri_KIZYN0705115_KU882377_CYTB_Microhyla2_Mekong_E,Microhyla_mukhlesuri_Tissue_ID_LC0805063_KU882376_CYTB_Microhyla2_Mekong_W	|	0.2391158740790355
Microhyla_mukhlesuri_KIZYN0705115_KU882377_CYTB_Microhyla2_Mekong_E,Microhyla_mukhlesuri_KIZYN0705116_KU882378_CYTB_Microhyla2_Mekong_E	|	Microhyla_mukhlesuri_KIZ04090_KU882358_CYTB_Microhyla2_Mekong_W,Microhyla_mukhlesuri_KIZ04163_KU882364_CYTB_Microhyla2_Mekong_W,Microhyla_mukhlesuri_KIZ04175_KU882362_CYTB_Microhyla2_Mekong_W,Microhyla_mukhlesuri_KIZ04194_KU882361_CYTB_Microhyla2_Mekong_W,Microhyla_mukhlesuri_KIZ046821_KU882368_CYTB_Microhyla2_Mekong_E,Microhyla_mukhlesuri_KIZ046824_KU882369_CYTB_Microhyla2_Mekong_E,Microhyla_mukhlesuri_KIZYN0705148_KU882382_CYTB_Microhyla2_Mekong_E,Microhyla_mukhlesuri_Tissue_ID_LC0805063_KU882376_CYTB_Microhyla2_Mekong_W	|	0.2391158740790355
Microhyla_mukhlesuri_KIZYN0705115_KU882377_CYTB_Microhyla2_Mekong_E,Microhyla_mukhlesuri_KIZYN0705148_KU882382_CYTB_Microhyla2_Mekong_E	|	Microhyla_mukhlesuri_KIZ04090_KU882358_CYTB_Microhyla2_Mekong_W,Microhyla_mukhlesuri_KIZ04163_KU882364_CYTB_Microhyla2_Mekong_W,Microhyla_mukhlesuri_KIZ04175_KU882362_CYTB_Microhyla2_Mekong_W,Microhyla_mukhlesuri_KIZ04194_KU882361_CYTB_Microhyla2_Mekong_W,Microhyla_mukhlesuri_KIZ046821_KU882368_CYTB_Microhyla2_Mekong_E,Microhyla_mukhlesuri_KIZ046824_KU882369_CYTB_Microhyla2_Mekong_E,Microhyla_mukhlesuri_KIZYN0705116_KU882378_CYTB_Microhyla2_Mekong_E,Microhyla_mukhlesuri_Tissue_ID_LC0805063_KU882376_CYTB_Microhyla2_Mekong_W	|	0.2391158740790355
Microhyla_mukhlesuri_KIZYN0705115_KU882377_CYTB_Microhyla2_Mekong_E,Microhyla_mukhlesuri_KIZYN0705116_KU882378_CYTB_Microhyla2_Mekong_E,Microhyla_mukhlesuri_KIZYN0705148_KU882382_CYTB_Microhyla2_Mekong_E	|	Microhyla_mukhlesuri_KIZ04090_KU882358_CYTB_Microhyla2_Mekong_W,Microhyla_mukhlesuri_KIZ04163_KU882364_CYTB_Microhyla2_Mekong_W,Microhyla_mukhlesuri_KIZ04175_KU882362_CYTB_Microhyla2_Mekong_W,Microhyla_mukhlesuri_KIZ04194_KU882361_CYTB_Microhyla2_Mekong_W,Microhyla_mukhlesuri_KIZ046821_KU882368_CYTB_Microhyla2_Mekong_E,Microhyla_mukhlesuri_KIZ046824_KU882369_CYTB_Microhyla2_Mekong_E,Microhyla_mukhlesuri_Tissue_ID_LC0805063_KU882376_CYTB_Microhyla2_Mekong_W	|	0.33333333333333326
Microhyla_mukhlesuri_KIZYN0705115_KU882377_CYTB_Microhyla2_Mekong_E,Microhyla_mukhlesuri_KIZYN0705116_KU882378_CYTB_Microhyla2_Mekong_E,Microhyla_mukhlesuri_KIZYN0705148_KU882382_CYTB_Microhyla2_Mekong_E,Microhyla_mukhlesuri_Tissue_ID_LC0805063_KU882376_CYTB_Microhyla2_Mekong_W	|	Microhyla_mukhlesuri_KIZ04090_KU882358_CYTB_Microhyla2_Mekong_W,Microhyla_mukhlesuri_KIZ04163_KU882364_CYTB_Microhyla2_Mekong_W,Microhyla_mukhlesuri_KIZ04175_KU882362_CYTB_Microhyla2_Mekong_W,Microhyla_mukhlesuri_KIZ04194_KU882361_CYTB_Microhyla2_Mekong_W,Microhyla_mukhlesuri_KIZ046821_KU882368_CYTB_Microhyla2_Mekong_E,Microhyla_mukhlesuri_KIZ046824_KU882369_CYTB_Microhyla2_Mekong_E	|	0.19308357348703176
Microhyla_mukhlesuri_KIZ04163_KU882364_CYTB_Microhyla2_Mekong_W,Microhyla_mukhlesuri_KIZYN0705115_KU882377_CYTB_Microhyla2_Mekong_E,Microhyla_mukhlesuri_KIZYN0705116_KU882378_CYTB_Microhyla2_Mekong_E,Microhyla_mukhlesuri_KIZYN0705148_KU882382_CYTB_Microhyla2_Mekong_E	|	Microhyla_mukhlesuri_KIZ04090_KU882358_CYTB_Microhyla2_Mekong_W,Microhyla_mukhlesuri_KIZ04175_KU882362_CYTB_Microhyla2_Mekong_W,Microhyla_mukhlesuri_KIZ04194_KU882361_CYTB_Microhyla2_Mekong_W,Microhyla_mukhlesuri_KIZ046821_KU882368_CYTB_Microhyla2_Mekong_E,Microhyla_mukhlesuri_KIZ046824_KU882369_CYTB_Microhyla2_Mekong_E,Microhyla_mukhlesuri_Tissue_ID_LC0805063_KU882376_CYTB_Microhyla2_Mekong_W	|	0.19308357348703176
Microhyla_mukhlesuri_KIZ04194_KU882361_CYTB_Microhyla2_Mekong_W,Microhyla_mukhlesuri_KIZYN0705115_KU882377_CYTB_Microhyla2_Mekong_E,Microhyla_mukhlesuri_KIZYN0705116_KU882378_CYTB_Microhyla2_Mekong_E,Microhyla_mukhlesuri_KIZYN0705148_KU882382_CYTB_Microhyla2_Mekong_E	|	Microhyla_mukhlesuri_KIZ04090_KU882358_CYTB_Microhyla2_Mekong_W,Microhyla_mukhlesuri_KIZ04163_KU882364_CYTB_Microhyla2_Mekong_W,Microhyla_mukhlesuri_KIZ04175_KU882362_CYTB_Microhyla2_Mekong_W,Microhyla_mukhlesuri_KIZ046821_KU882368_CYTB_Microhyla2_Mekong_E,Microhyla_mukhlesuri_KIZ046824_KU882369_CYTB_Microhyla2_Mekong_E,Microhyla_mukhlesuri_Tissue_ID_LC0805063_KU882376_CYTB_Microhyla2_Mekong_W	|	0.19308357348703176
Microhyla_mukhlesuri_KIZ046824_KU882369_CYTB_Microhyla2_Mekong_E,Microhyla_mukhlesuri_KIZYN0705115_KU882377_CYTB_Microhyla2_Mekong_E,Microhyla_mukhlesuri_KIZYN0705116_KU882378_CYTB_Microhyla2_Mekong_E,Microhyla_mukhlesuri_KIZYN0705148_KU882382_CYTB_Microhyla2_Mekong_E	|	Microhyla_mukhlesuri_KIZ04090_KU882358_CYTB_Microhyla2_Mekong_W,Microhyla_mukhlesuri_KIZ04163_KU882364_CYTB_Microhyla2_Mekong_W,Microhyla_mukhlesuri_KIZ04175_KU882362_CYTB_Microhyla2_Mekong_W,Microhyla_mukhlesuri_KIZ04194_KU882361_CYTB_Microhyla2_Mekong_W,Microhyla_mukhlesuri_KIZ046821_KU882368_CYTB_Microhyla2_Mekong_E,Microhyla_mukhlesuri_Tissue_ID_LC0805063_KU882376_CYTB_Microhyla2_Mekong_W	|	0.19308357348703176
Microhyla_mukhlesuri_KIZ04175_KU882362_CYTB_Microhyla2_Mekong_W,Microhyla_mukhlesuri_KIZYN0705115_KU882377_CYTB_Microhyla2_Mekong_E,Microhyla_mukhlesuri_KIZYN0705116_KU882378_CYTB_Microhyla2_Mekong_E,Microhyla_mukhlesuri_KIZYN0705148_KU882382_CYTB_Microhyla2_Mekong_E	|	Microhyla_mukhlesuri_KIZ04090_KU882358_CYTB_Microhyla2_Mekong_W,Microhyla_mukhlesuri_KIZ04163_KU882364_CYTB_Microhyla2_Mekong_W,Microhyla_mukhlesuri_KIZ04194_KU882361_CYTB_Microhyla2_Mekong_W,Microhyla_mukhlesuri_KIZ046821_KU882368_CYTB_Microhyla2_Mekong_E,Microhyla_mukhlesuri_KIZ046824_KU882369_CYTB_Microhyla2_Mekong_E,Microhyla_mukhlesuri_Tissue_ID_LC0805063_KU882376_CYTB_Microhyla2_Mekong_W	|	0.19308357348703176
Microhyla_mukhlesuri_KIZ046821_KU882368_CYTB_Microhyla2_Mekong_E,Microhyla_mukhlesuri_KIZYN0705115_KU882377_CYTB_Microhyla2_Mekong_E,Microhyla_mukhlesuri_KIZYN0705116_KU882378_CYTB_Microhyla2_Mekong_E,Microhyla_mukhlesuri_KIZYN0705148_KU882382_CYTB_Microhyla2_Mekong_E	|	Microhyla_mukhlesuri_KIZ04090_KU882358_CYTB_Microhyla2_Mekong_W,Microhyla_mukhlesuri_KIZ04163_KU882364_CYTB_Microhyla2_Mekong_W,Microhyla_mukhlesuri_KIZ04175_KU882362_CYTB_Microhyla2_Mekong_W,Microhyla_mukhlesuri_KIZ04194_KU882361_CYTB_Microhyla2_Mekong_W,Microhyla_mukhlesuri_KIZ046824_KU882369_CYTB_Microhyla2_Mekong_E,Microhyla_mukhlesuri_Tissue_ID_LC0805063_KU882376_CYTB_Microhyla2_Mekong_W	|	0.19308357348703176
Microhyla_mukhlesuri_KIZ04090_KU882358_CYTB_Microhyla2_Mekong_W,Microhyla_mukhlesuri_KIZYN0705115_KU882377_CYTB_Microhyla2_Mekong_E,Microhyla_mukhlesuri_KIZYN0705116_KU882378_CYTB_Microhyla2_Mekong_E,Microhyla_mukhlesuri_KIZYN0705148_KU882382_CYTB_Microhyla2_Mekong_E	|	Microhyla_mukhlesuri_KIZ04163_KU882364_CYTB_Microhyla2_Mekong_W,Microhyla_mukhlesuri_KIZ04175_KU882362_CYTB_Microhyla2_Mekong_W,Microhyla_mukhlesuri_KIZ04194_KU882361_CYTB_Microhyla2_Mekong_W,Microhyla_mukhlesuri_KIZ046821_KU882368_CYTB_Microhyla2_Mekong_E,Microhyla_mukhlesuri_KIZ046824_KU882369_CYTB_Microhyla2_Mekong_E,Microhyla_mukhlesuri_Tissue_ID_LC0805063_KU882376_CYTB_Microhyla2_Mekong_W	|	0.19308357348703176

all FST values from analysis:
 -0.03896103896103896,-0.03896103896103896,-0.03896103896103896,0.2391158740790355,-0.03896103896103896,-0.03896103896103896,0.2391158740790355,-0.03896103896103896,-0.03896103896103896,-0.0023790642347343363,-0.0023790642347343363,-0.03896103896103896,-0.0023790642347343363,-0.0023790642347343363,-0.03896103896103896,-0.0023790642347343363,-0.0023790642347343363,-0.0023790642347343363,-0.03896103896103896,-0.0023790642347343363,-0.0023790642347343363,-0.03896103896103896,-0.0023790642347343363,-0.0023790642347343363,-0.03896103896103896,-0.0023790642347343363,-0.0023790642347343363,-0.03896103896103896,-0.0023790642347343363,-0.0023790642347343363,-0.03896103896103896,-0.03896103896103896,0.2391158740790355,-0.03896103896103896,-0.03896103896103896,-0.0023790642347343363,-0.03896103896103896,-0.0023790642347343363,-0.0023790642347343363,-0.03896103896103896,-0.0023790642347343363,-0.0023790642347343363,-0.03896103896103896,-0.03896103896103896,-0.0023790642347343363,-0.05099150141643059,-0.05099150141643059,0.0716180371352785,-0.05099150141643059,-0.05099150141643059,0.0716180371352785,-0.05099150141643059,-0.05099150141643059,-0.05099150141643059,0.0716180371352785,-0.05099150141643059,-0.05099150141643059,0.0716180371352785,-0.05099150141643059,-0.05099150141643059,0.0716180371352785,-0.05099150141643059,-0.05099150141643059,0.0716180371352785,-0.05099150141643059,-0.05099150141643059,0.0716180371352785,0.0716180371352785,0.33333333333333326,0.0716180371352785,0.0716180371352785,-0.05099150141643059,0.0716180371352785,-0.05099150141643059,-0.05099150141643059,0.0716180371352785,-0.05099150141643059,-0.05099150141643059,0.0716180371352785,0.0716180371352785,-0.05099150141643059,0.032520325203252036,-0.05099150141643059,0.032520325203252036,0.032520325203252036,-0.05099150141643059,0.032520325203252036,0.032520325203252036,-0.05099150141643059,0.032520325203252036,0.032520325203252036,-0.05099150141643059,0.032520325203252036,0.032520325203252036,-0.05099150141643059,-0.05099150141643059,0.0716180371352785,-0.05099150141643059,-0.05099150141643059,0.032520325203252036,-0.05099150141643059,0.032520325203252036,0.032520325203252036,-0.05099150141643059,0.032520325203252036,0.032520325203252036,-0.05099150141643059,-0.05099150141643059,0.032520325203252036,-0.05099150141643059,0.032520325203252036,0.032520325203252036,-0.05099150141643059,0.032520325203252036,0.032520325203252036,-0.05099150141643059,-0.05099150141643059,0.0716180371352785,-0.05099150141643059,-0.05099150141643059,0.032520325203252036,-0.05099150141643059,0.032520325203252036,0.032520325203252036,-0.05099150141643059,0.032520325203252036,0.032520325203252036,-0.05099150141643059,-0.05099150141643059,0.032520325203252036,-0.05099150141643059,-0.05099150141643059,0.0716180371352785,-0.05099150141643059,-0.05099150141643059,0.032520325203252036,-0.05099150141643059,0.032520325203252036,0.032520325203252036,-0.05099150141643059,0.032520325203252036,0.032520325203252036,-0.05099150141643059,-0.05099150141643059,0.032520325203252036,-0.05099150141643059,0.0716180371352785,-0.05099150141643059,-0.05099150141643059,0.0716180371352785,-0.05099150141643059,-0.05099150141643059,0.0716180371352785,0.0716180371352785,-0.05099150141643059,-0.05099150141643059,0.032520325203252036,0.032520325203252036,-0.05099150141643059,-0.05099150141643059,0.032520325203252036,-0.05099150141643059,-0.05099150141643059,0.032520325203252036,-0.05099150141643059,-0.04198062432723358,0.006315789473684221,-0.04198062432723358,-0.04198062432723358,0.006315789473684221,-0.04198062432723358,-0.04198062432723358,0.006315789473684221,-0.04198062432723358,-0.04198062432723358,0.006315789473684221,-0.04198062432723358,-0.04198062432723358,0.006315789473684221,0.006315789473684221,0.19308357348703176,0.006315789473684221,0.006315789473684221,-0.04198062432723358,0.006315789473684221,-0.04198062432723358,-0.04198062432723358,0.006315789473684221,-0.04198062432723358,-0.04198062432723358,0.006315789473684221,0.006315789473684221,-0.04198062432723358,0.006315789473684221,-0.04198062432723358,-0.04198062432723358,0.006315789473684221,-0.04198062432723358,-0.04198062432723358,0.006315789473684221,0.006315789473684221,0.19308357348703176,0.006315789473684221,0.006315789473684221,-0.04198062432723358,0.006315789473684221,-0.04198062432723358,-0.04198062432723358,0.006315789473684221,-0.04198062432723358,-0.04198062432723358,0.006315789473684221,0.006315789473684221,-0.04198062432723358,0.006315789473684221,0.006315789473684221,0.19308357348703176,0.006315789473684221,0.006315789473684221,-0.04198062432723358,0.006315789473684221,-0.04198062432723358,-0.04198062432723358,0.006315789473684221,-0.04198062432723358,-0.04198062432723358,0.006315789473684221,0.006315789473684221,-0.04198062432723358,0.006315789473684221,0.19308357348703176,0.006315789473684221,0.006315789473684221,0.19308357348703176,0.006315789473684221,0.006315789473684221,0.19308357348703176,0.19308357348703176,0.006315789473684221,0.006315789473684221,-0.04198062432723358,-0.04198062432723358,0.006315789473684221,0.006315789473684221,-0.04198062432723358,0.006315789473684221,0.006315789473684221,-0.04198062432723358,0.006315789473684221,-0.04198062432723358,0.06748466257668713,0.06748466257668713,-0.04198062432723358,0.06748466257668713,0.06748466257668713,-0.04198062432723358,-0.04198062432723358,0.006315789473684221,-0.04198062432723358,-0.04198062432723358,0.06748466257668713,-0.04198062432723358,0.06748466257668713,0.06748466257668713,-0.04198062432723358,0.06748466257668713,0.06748466257668713,-0.04198062432723358,-0.04198062432723358,0.06748466257668713,-0.04198062432723358,-0.04198062432723358,0.006315789473684221,-0.04198062432723358,-0.04198062432723358,0.06748466257668713,-0.04198062432723358,0.06748466257668713,0.06748466257668713,-0.04198062432723358,0.06748466257668713,0.06748466257668713,-0.04198062432723358,-0.04198062432723358,0.06748466257668713,-0.04198062432723358,0.006315789473684221,-0.04198062432723358,-0.04198062432723358,0.006315789473684221,-0.04198062432723358,-0.04198062432723358,0.006315789473684221,0.006315789473684221,-0.04198062432723358,-0.04198062432723358,0.06748466257668713,0.06748466257668713,-0.04198062432723358,-0.04198062432723358,0.06748466257668713,-0.04198062432723358,-0.04198062432723358,0.06748466257668713,-0.04198062432723358,-0.04198062432723358,-0.04198062432723358,0.006315789473684221,-0.04198062432723358,-0.04198062432723358,0.06748466257668713,-0.04198062432723358,0.06748466257668713,0.06748466257668713,-0.04198062432723358,0.06748466257668713,0.06748466257668713,-0.04198062432723358,-0.04198062432723358,0.06748466257668713,-0.04198062432723358,0.006315789473684221,-0.04198062432723358,-0.04198062432723358,0.006315789473684221,-0.04198062432723358,-0.04198062432723358,0.006315789473684221,0.006315789473684221,-0.04198062432723358,-0.04198062432723358,0.06748466257668713,0.06748466257668713,-0.04198062432723358,-0.04198062432723358,0.06748466257668713,-0.04198062432723358,-0.04198062432723358,0.06748466257668713,-0.04198062432723358,-0.04198062432723358,0.006315789473684221,-0.04198062432723358,-0.04198062432723358,0.006315789473684221,-0.04198062432723358,-0.04198062432723358,0.006315789473684221,0.006315789473684221,-0.04198062432723358,-0.04198062432723358,0.06748466257668713,0.06748466257668713,-0.04198062432723358,-0.04198062432723358,0.06748466257668713,-0.04198062432723358,-0.04198062432723358,0.06748466257668713,-0.04198062432723358,0.006315789473684221,-0.04198062432723358,-0.04198062432723358,0.006315789473684221,0.006315789473684221,-0.04198062432723358,0.006315789473684221,0.006315789473684221,-0.04198062432723358,0.006315789473684221,-0.04198062432723358,-0.04198062432723358,0.06748466257668713,-0.04198062432723358,-0.04198062432723358,-0.024590163934426222,-0.024590163934426222,-0.024590163934426222,-0.024590163934426222,-0.024590163934426222,-0.024590163934426222,-0.024590163934426222,-0.024590163934426222,0.11538461538461536,-0.024590163934426222,-0.024590163934426222,-0.024590163934426222,-0.024590163934426222,-0.024590163934426222,-0.024590163934426222,-0.024590163934426222,-0.024590163934426222,-0.024590163934426222,-0.024590163934426222,-0.024590163934426222,-0.024590163934426222,-0.024590163934426222,-0.024590163934426222,0.11538461538461536,-0.024590163934426222,-0.024590163934426222,-0.024590163934426222,-0.024590163934426222,-0.024590163934426222,-0.024590163934426222,-0.024590163934426222,-0.024590163934426222,-0.024590163934426222,-0.024590163934426222,-0.024590163934426222,-0.024590163934426222,-0.024590163934426222,0.11538461538461536,-0.024590163934426222,-0.024590163934426222,0.11538461538461536,-0.024590163934426222,-0.024590163934426222,0.11538461538461536,0.11538461538461536,-0.024590163934426222,-0.024590163934426222,-0.024590163934426222,-0.024590163934426222,-0.024590163934426222,-0.024590163934426222,-0.024590163934426222,-0.024590163934426222,-0.024590163934426222,-0.024590163934426222,-0.024590163934426222,-0.024590163934426222,-0.024590163934426222,0.11538461538461536,-0.024590163934426222,-0.024590163934426222,-0.024590163934426222,-0.024590163934426222,-0.024590163934426222,-0.024590163934426222,-0.024590163934426222,-0.024590163934426222,-0.024590163934426222,-0.024590163934426222,-0.024590163934426222,-0.024590163934426222,-0.024590163934426222,0.11538461538461536,-0.024590163934426222,-0.024590163934426222,0.11538461538461536,-0.024590163934426222,-0.024590163934426222,0.11538461538461536,0.11538461538461536,-0.024590163934426222,-0.024590163934426222,-0.024590163934426222,-0.024590163934426222,-0.024590163934426222,-0.024590163934426222,-0.024590163934426222,-0.024590163934426222,-0.024590163934426222,-0.024590163934426222,-0.024590163934426222,-0.024590163934426222,0.11538461538461536,-0.024590163934426222,-0.024590163934426222,0.11538461538461536,-0.024590163934426222,-0.024590163934426222,0.11538461538461536,0.11538461538461536,-0.024590163934426222,-0.024590163934426222,-0.024590163934426222,-0.024590163934426222,-0.024590163934426222,-0.024590163934426222,-0.024590163934426222,-0.024590163934426222,-0.024590163934426222,-0.024590163934426222,-0.024590163934426222,0.11538461538461536,-0.024590163934426222,-0.024590163934426222,0.11538461538461536,0.11538461538461536,-0.024590163934426222,0.11538461538461536,0.11538461538461536,-0.024590163934426222,0.11538461538461536,-0.024590163934426222,-0.024590163934426222,-0.024590163934426222,-0.024590163934426222,-0.024590163934426222,-0.024590163934426222,-0.024590163934426222,-0.024590163934426222,-0.024590163934426222,-0.024590163934426222,0.11538461538461536,-0.024590163934426222,0.11538461538461536,0.11538461538461536,-0.024590163934426222,0.11538461538461536,0.11538461538461536,-0.024590163934426222,-0.024590163934426222,0.11538461538461536,-0.024590163934426222,-0.024590163934426222,-0.024590163934426222,-0.024590163934426222,-0.024590163934426222,-0.024590163934426222,-0.024590163934426222,-0.024590163934426222,-0.024590163934426222,-0.024590163934426222,-0.024590163934426222,0.11538461538461536,0.11538461538461536,-0.024590163934426222,-0.024590163934426222,0.11538461538461536,-0.024590163934426222,-0.024590163934426222,0.11538461538461536,-0.024590163934426222,-0.024590163934426222,-0.024590163934426222,-0.024590163934426222,-0.024590163934426222,-0.024590163934426222,-0.024590163934426222,-0.024590163934426222,-0.024590163934426222,-0.024590163934426222,-0.024590163934426222,-0.024590163934426222,0.11538461538461536,0.11538461538461536,-0.024590163934426222,-0.024590163934426222,0.11538461538461536,-0.024590163934426222,-0.024590163934426222,0.11538461538461536,-0.024590163934426222,-0.024590163934426222,-0.024590163934426222,-0.024590163934426222,-0.024590163934426222,-0.024590163934426222,-0.024590163934426222,-0.024590163934426222,-0.024590163934426222,-0.024590163934426222,-0.024590163934426222,-0.024590163934426222,-0.024590163934426222,0.11538461538461536,-0.024590163934426222,-0.024590163934426222,-0.024590163934426222,-0.024590163934426222,-0.024590163934426222,-0.024590163934426222,-0.024590163934426222,-0.024590163934426222,-0.024590163934426222,-0.024590163934426222,-0.024590163934426222,-0.024590163934426222,-0.024590163934426222,0.11538461538461536,0.11538461538461536,-0.024590163934426222,-0.024590163934426222,0.11538461538461536,-0.024590163934426222,-0.024590163934426222,0.11538461538461536,-0.024590163934426222,-0.024590163934426222,-0.024590163934426222,-0.024590163934426222,-0.024590163934426222,-0.024590163934426222,-0.024590163934426222,-0.024590163934426222,-0.024590163934426222,-0.024590163934426222,-0.024590163934426222,-0.024590163934426222,-0.024590163934426222,0.11538461538461536,-0.024590163934426222,-0.024590163934426222,-0.024590163934426222,-0.024590163934426222,-0.024590163934426222,-0.024590163934426222,-0.024590163934426222,-0.024590163934426222,-0.024590163934426222,-0.024590163934426222,-0.024590163934426222,-0.024590163934426222,-0.024590163934426222,-0.024590163934426222,0.11538461538461536,-0.024590163934426222,-0.024590163934426222,-0.024590163934426222,-0.024590163934426222,-0.024590163934426222,-0.024590163934426222,-0.024590163934426222,-0.024590163934426222