model	post_prob	cumulative_post_prob	prior_prob	bf
0,1,2,3,4,1,5,6	0.0907143	0.0907143	0.007359	13.457
0,1,2,3,4,5,6,7	0.0678571	0.158571	0.055858	1.23045
0,1,2,0,3,1,4,5	0.0325	0.191071	0.001052	31.8977
0,1,2,3,4,1,5,0	0.025	0.216071	0.00098	26.1387
0,1,2,3,4,1,3,5	0.0242857	0.240357	0.000993	25.0408
0,1,2,3,4,1,0,5	0.0225	0.262857	0.000958	24.004
0,1,2,3,4,1,4,5	0.0217857	0.284643	0.001006	22.1158
0,1,2,3,4,1,5,3	0.0214286	0.306071	0.00098	22.3228
0,1,1,2,3,1,4,5	0.02	0.326071	0.002018	10.0927
0,1,2,3,4,5,6,0	0.0192857	0.345357	0.007428	2.62775
0,1,2,3,4,5,6,3	0.0189286	0.364286	0.007447	2.57152
0,1,2,0,3,1,0,0	0.0185714	0.382857	9.8e-05	193.071
0,1,2,0,3,4,5,6	0.0185714	0.401429	0.007476	2.51222
0,1,2,0,3,1,0,4	0.0171429	0.418571	0.000245	71.1738
0,1,2,3,4,1,5,2	0.0164286	0.435	0.001011	16.5045
0,1,2,3,4,5,6,2	0.015	0.45	0.007538	2.00499
0,1,2,3,4,1,5,5	0.015	0.465	0.00104	14.6275
0,1,2,3,4,5,3,6	0.015	0.48	0.007419	2.0374
0,1,2,0,3,1,4,0	0.0142857	0.494286	0.000272	53.2677
0,1,2,3,4,5,0,6	0.0117857	0.506071	0.007465	1.5857
0,1,2,3,3,1,4,5	0.0107143	0.516786	0.000988	10.951
0,1,2,3,4,1,3,0	0.0103571	0.527143	0.000135	77.512
0,1,2,0,3,4,5,0	0.01	0.537143	0.00204	4.94137
0,1,2,0,3,4,0,5	0.00964286	0.546786	0.001994	4.87329
0,1,2,3,4,2,5,6	0.00928571	0.556071	0.007411	1.25533
0,1,1,2,3,4,5,6	0.00928571	0.565357	0.007483	1.24317
0,1,2,3,4,5,4,6	0.00928571	0.574643	0.007333	1.26879
0,1,2,3,4,1,0,0	0.00892857	0.583571	0.000249	36.1718
0,1,2,3,4,1,3,3	0.00857143	0.592143	0.000264	32.7396
0,1,2,0,3,4,0,0	0.00857143	0.600714	0.000772	11.1902
0,1,2,3,4,1,4,0	0.00857143	0.609286	0.000133	64.9954
0,1,2,3,4,5,3,0	0.00714286	0.616429	0.000985	7.29661
0,1,2,3,4,5,3,3	0.00714286	0.623571	0.001959	3.66521
0,1,2,3,4,5,0,0	0.00678571	0.630357	0.001962	3.47537
0,1,1,2,3,1,4,0	0.00678571	0.637143	0.000267	25.5815
0,1,1,0,2,1,3,4	0.00678571	0.643929	0.000293	23.3108
0,1,0,2,3,1,4,0	0.00642857	0.650357	0.000276	23.4362
0,1,2,0,3,1,3,4	0.00607143	0.656429	0.000128	47.7167
0,1,2,3,3,1,3,4	0.00607143	0.6625	0.000273	22.3694
0,1,2,3,4,2,5,0	0.00571429	0.668214	0.000996	5.76446
0,1,2,3,4,5,6,6	0.00571429	0.673929	0.007441	0.766612
0,1,2,0,3,1,4,2	0.00571429	0.679643	0.000119	48.2894
0,1,2,3,3,4,5,6	0.00535714	0.685	0.007313	0.73111
0,1,1,2,3,1,2,4	0.00535714	0.690357	0.000277	19.4386
0,1,2,0,3,1,4,4	0.005	0.695357	0.000125	40.196
0,1,0,2,3,4,5,0	0.00464286	0.7	0.001958	2.37762
0,1,2,0,3,4,5,2	0.00464286	0.704643	0.000995	4.68329
0,1,2,0,3,1,0,2	0.00428571	0.708929	4.5e-05	95.6437
0,1,2,0,3,4,3,5	0.00428571	0.713214	0.000999	4.30416
0,1,2,3,4,1,4,3	0.00428571	0.7175	0.000141	30.5217
0,1,2,3,4,1,0,3	0.00428571	0.721786	0.000156	27.5865
0,1,1,2,3,1,3,4	0.00428571	0.726071	0.000265	16.2378
0,1,2,3,4,5,4,3	0.00392857	0.73	0.00094	4.19187
0,1,1,0,2,3,4,5	0.00392857	0.733929	0.000968	4.0705
0,1,2,0,0,1,3,4	0.00392857	0.737857	0.000281	14.0319
0,1,2,3,4,5,4,0	0.00392857	0.741786	0.000998	3.94803
0,1,2,0,3,1,3,0	0.00392857	0.745714	3.3e-05	119.513
0,1,1,0,2,1,3,0	0.00392857	0.749643	8.1e-05	48.6882
0,1,2,0,0,3,4,5	0.00357143	0.753214	0.001986	1.80116
0,1,2,3,4,1,3,2	0.00357143	0.756786	0.000147	24.3789
0,1,2,3,4,2,3,5	0.00357143	0.760357	0.001007	3.55573
0,1,2,3,3,4,3,5	0.00357143	0.763929	0.002032	1.76031
0,1,2,3,0,1,0,4	0.00357143	0.7675	0.000262	13.6767
0,1,2,3,4,1,0,2	0.00357143	0.771071	0.000127	28.2187
0,1,2,3,4,5,4,2	0.00357143	0.774643	0.001034	3.46279
0,1,1,2,3,1,4,2	0.00321429	0.777857	0.000263	12.2578
0,1,2,3,4,5,0,3	0.00321429	0.781071	0.001052	3.06203
0,1,1,2,3,1,4,4	0.00321429	0.784286	0.000272	11.8521
0,1,1,2,3,4,2,5	0.00321429	0.7875	0.000937	3.43824
0,1,1,2,3,1,0,4	0.00321429	0.790714	0.000274	11.7656
0,1,2,3,4,1,5,4	0.00321429	0.793929	0.001012	3.18319
0,1,2,3,4,5,0,2	0.00321429	0.797143	0.000982	3.28053
0,1,1,0,2,1,0,3	0.00285714	0.8	6.3e-05	45.4786
0,1,2,0,0,1,0,0	0.00285714	0.802857	5.8e-05	49.3994
0,1,2,3,4,2,5,5	0.00285714	0.805714	0.001023	2.79804
0,1,0,2,3,1,4,5	0.00285714	0.808571	0.000984	2.90905
0,1,2,3,4,2,5,3	0.00285714	0.811429	0.00102	2.80628
0,1,1,2,3,4,5,0	0.00285714	0.814286	0.000951	3.0101
0,1,2,3,4,5,6,4	0.00285714	0.817143	0.007509	0.378721
0,1,1,0,2,3,4,0	0.00285714	0.82	0.000264	10.8507
0,1,2,3,4,2,4,5	0.0025	0.8225	0.000954	2.62461
0,1,2,0,3,2,4,5	0.0025	0.825	0.001007	2.48634
0,1,2,3,4,5,3,2	0.0025	0.8275	0.00102	2.45462
0,1,1,0,2,1,0,0	0.00214286	0.829643	2.7e-05	79.5334
0,1,2,3,0,1,0,0	0.00214286	0.831786	9.7e-05	22.1366
0,1,2,3,4,1,4,2	0.00214286	0.833929	0.000134	16.0237
0,1,2,0,0,1,0,3	0.00214286	0.836071	0.000114	18.8352
0,1,2,3,3,1,4,0	0.00214286	0.838214	0.000135	15.905
0,1,2,3,0,4,5,6	0.00214286	0.840357	0.00749	0.284563
0,1,2,0,3,2,0,0	0.00178571	0.842143	0.000108	16.5622
0,1,1,2,3,1,0,0	0.00178571	0.843929	6e-05	29.8134
0,1,2,3,3,1,4,3	0.00178571	0.845714	0.00025	7.15385
0,1,2,0,0,3,0,4	0.00178571	0.8475	0.000799	2.23715
0,1,1,2,3,4,3,5	0.00178571	0.849286	0.000976	1.83111
0,1,0,2,3,4,5,6	0.00178571	0.851071	0.007578	0.234277
0,1,2,3,0,1,4,5	0.00178571	0.852857	0.001003	1.78177
0,1,1,2,2,1,3,4	0.00178571	0.854643	0.000283	6.31944
0,1,2,0,0,1,3,0	0.00178571	0.856429	0.000123	14.5422
0,1,2,3,3,1,3,0	0.00178571	0.858214	3.1e-05	57.7049
0,1,0,2,3,1,2,4	0.00178571	0.86	0.00014	12.7761
0,1,1,2,3,4,0,5	0.00178571	0.861786	0.00099	1.80519
0,1,1,2,2,1,2,3	0.00142857	0.863214	5.9e-05	24.2463
0,1,2,3,3,4,0,5	0.00142857	0.864643	0.001006	1.42065
0,1,2,3,3,1,0,0	0.00142857	0.866071	3.9e-05	36.681
0,1,0,0,2,1,3,0	0.00142857	0.8675	0.000113	12.6589
0,1,2,3,4,5,6,1	0.00142857	0.868929	0.007472	0.190033
0,1,2,3,3,1,3,3	0.00142857	0.870357	0.000105	13.6235
0,1,2,0,3,1,4,3	0.00142857	0.871786	0.000126	11.3527
0,1,1,2,3,1,3,2	0.00142857	0.873214	4.8e-05	29.8031
0,1,2,3,0,1,4,0	0.00142857	0.874643	0.00026	5.50094
0,1,0,2,3,4,2,5	0.00142857	0.876071	0.000992	1.44072
0,1,1,2,3,1,2,0	0.00142857	0.8775	2.9e-05	49.3301
0,1,2,3,4,2,0,5	0.00142857	0.878929	0.001007	1.41924
0,1,2,0,3,4,3,0	0.00142857	0.880357	0.000284	5.03595
0,1,1,0,0,1,0,2	0.00142857	0.881786	3.5e-05	40.8733
0,1,2,3,0,4,5,3	0.00142857	0.883214	0.001027	1.39157
0,1,2,0,0,3,0,0	0.00142857	0.884643	0.000409	3.49641
0,1,2,3,3,1,4,4	0.00142857	0.886071	0.000131	10.9193
0,1,2,2,3,1,4,5	0.00142857	0.8875	0.001012	1.41222
0,1,2,0,3,2,3,4	0.00142857	0.888929	0.000127	11.2633
0,1,2,0,3,4,5,5	0.00142857	0.890357	0.000901	1.58638
0,1,2,3,3,4,5,0	0.00142857	0.891786	0.001042	1.37152
0,1,2,0,3,2,4,0	0.00142857	0.893214	0.00025	5.72103
0,1,2,0,0,1,3,3	0.00107143	0.894286	3.1e-05	34.5982
0,1,2,0,0,1,3,2	0.00107143	0.895357	3.4e-05	31.5453
0,1,2,3,3,4,0,0	0.00107143	0.896429	0.000283	3.78895
0,1,2,0,0,2,3,4	0.00107143	0.8975	0.00028	3.82956
0,1,1,2,2,3,2,4	0.00107143	0.898571	0.000239	4.4867
0,1,1,2,3,4,5,5	0.00107143	0.899643	0.001004	1.06723
0,1,2,3,4,1,2,2	0.00107143	0.900714	0.000287	3.73613
0,1,1,0,2,1,2,3	0.00107143	0.901786	4e-05	26.8134
0,1,1,0,0,1,2,3	0.00107143	0.902857	7.5e-05	14.3
0,1,2,0,3,4,3,2	0.00107143	0.903929	0.000129	8.31348
0,1,2,0,0,3,4,4	0.00107143	0.905	0.000233	4.60227
0,1,1,2,2,3,4,5	0.00107143	0.906071	0.000981	1.09228
0,1,0,2,3,4,5,2	0.00107143	0.907143	0.00099	1.08234
0,1,2,3,4,2,0,3	0.00107143	0.908214	0.000121	8.86321
0,1,2,3,0,1,0,3	0.00107143	0.909286	2.7e-05	39.724
0,1,1,2,3,1,0,2	0.00107143	0.910357	3.5e-05	30.644
0,1,1,2,3,1,2,2	0.00107143	0.911429	7.2e-05	14.8958
0,1,0,2,3,1,4,2	0.00107143	0.9125	0.000119	9.01219
0,1,2,0,3,1,3,2	0.00107143	0.913571	2.1e-05	51.0741
0,1,2,0,3,4,0,2	0.00107143	0.914643	0.000303	3.53879
0,1,0,2,3,1,3,0	0.00107143	0.915714	4e-05	26.8134
0,1,0,2,3,1,2,2	0.00107143	0.916786	4.4e-05	24.3757
0,1,2,3,4,5,2,6	0.00107143	0.917857	0.007593	0.140186
0,1,0,2,2,1,2,3	0.00107143	0.918929	3.7e-05	28.9875
0,1,2,3,0,4,3,5	0.00107143	0.92	0.000983	1.09005
0,1,1,2,3,4,2,2	0.00107143	0.921071	0.000263	4.07717
0,1,0,0,2,1,3,4	0.00107143	0.922143	0.000276	3.88508
0,1,1,2,3,4,2,0	0.00107143	0.923214	0.000133	8.06342
0,1,2,3,3,2,4,5	0.00107143	0.924286	0.000991	1.08125
0,1,2,0,3,2,3,0	0.00107143	0.925357	3.9e-05	27.5009
0,1,2,3,3,4,5,3	0.00107143	0.926429	0.001987	0.538725
0,1,2,3,4,5,6,5	0.000714286	0.927143	0.00739	0.09601
0,1,2,3,3,1,3,2	0.000714286	0.927857	3.9e-05	18.3274
0,1,1,2,0,3,4,5	0.000714286	0.928571	0.001028	0.694612
0,1,2,0,3,2,0,4	0.000714286	0.929286	0.000253	2.82457
0,1,2,3,4,5,4,4	0.000714286	0.93	0.001946	0.366601
0,1,2,0,3,1,3,3	0.000714286	0.930714	3.9e-05	18.3274
0,1,0,2,2,1,2,0	0.000714286	0.931429	1.2e-05	59.5656
0,1,2,0,3,1,2,4	0.000714286	0.932143	0.000128	5.58363
0,1,2,0,3,4,2,5	0.000714286	0.932857	0.001026	0.695968
0,1,2,0,3,1,0,3	0.000714286	0.933571	4.2e-05	17.0182
0,1,0,2,2,1,2,2	0.000714286	0.934286	1.2e-05	59.5656
0,1,2,3,4,5,3,4	0.000714286	0.935	0.001019	0.700754
0,1,2,3,4,5,2,2	0.000714286	0.935714	0.001974	0.361391
0,1,2,0,0,3,4,0	0.000714286	0.936429	0.000781	0.914517
0,1,2,0,0,3,0,2	0.000714286	0.937143	0.00012	5.95592
0,1,2,0,3,4,5,3	0.000714286	0.937857	0.001048	0.681343
0,1,2,0,0,2,3,0	0.000714286	0.938571	9.6e-05	7.44508
0,1,2,0,0,2,0,3	0.000714286	0.939286	9.5e-05	7.52346
0,1,0,2,3,1,0,4	0.000714286	0.94	0.000266	2.68649
0,1,0,2,3,1,2,0	0.000714286	0.940714	3.7e-05	19.3181
0,1,0,2,3,1,4,4	0.000714286	0.941429	0.000125	5.71766
0,1,2,0,0,1,0,2	0.000714286	0.942143	1.2e-05	59.5656
0,1,0,2,3,4,0,0	0.000714286	0.942857	0.000726	0.983853
0,1,0,2,3,4,2,0	0.000714286	0.943571	0.000269	2.65652
0,1,2,3,4,2,4,3	0.000714286	0.944286	0.000156	4.58131
0,1,2,2,3,4,5,2	0.000714286	0.945	0.002004	0.35597
0,1,2,2,3,4,5,6	0.000714286	0.945714	0.007508	0.0944898
0,1,0,2,3,4,3,0	0.000714286	0.946429	0.00025	2.85847
0,1,0,2,3,4,5,5	0.000714286	0.947143	0.000975	0.73241
0,1,1,2,3,4,5,2	0.000714286	0.947857	0.001012	0.705606
0,1,1,2,3,4,5,1	0.000714286	0.948571	0.002035	0.350536
0,1,1,0,0,1,2,0	0.000714286	0.949286	2.7e-05	26.4732
0,1,2,3,0,1,3,2	0.000714286	0.95	1.7e-05	42.0461
0,1,1,0,0,1,2,2	0.000714286	0.950714	1.2e-05	59.5656
0,1,2,3,0,1,3,4	0.000714286	0.951429	0.000134	5.33359
0,1,1,0,0,2,0,0	0.000714286	0.952143	5.3e-05	13.486
0,1,1,0,2,1,2,0	0.000714286	0.952857	1e-05	71.4789
0,1,1,0,2,3,0,4	0.000714286	0.953571	0.000272	2.62721
0,1,1,2,3,4,3,2	0.000714286	0.954286	0.000128	5.58363
0,1,1,0,2,3,4,4	0.000714286	0.955	0.00011	6.49743
0,1,2,3,0,2,0,4	0.000714286	0.955714	0.000263	2.71714
0,1,2,3,3,4,3,0	0.000714286	0.956429	0.000262	2.72752
0,1,2,3,0,4,0,0	0.000714286	0.957143	0.000804	0.888335
0,1,1,2,2,1,2,0	0.000714286	0.957857	1.1e-05	64.9808
0,1,2,3,0,4,3,3	0.000714286	0.958571	0.00024	2.9776
0,1,1,2,2,1,2,2	0.000714286	0.959286	2.7e-05	26.4732
0,1,2,3,0,4,5,0	0.000714286	0.96	0.001969	0.36231
0,1,2,3,3,2,4,4	0.000714286	0.960714	0.000121	5.90669
0,1,2,3,3,2,4,3	0.000714286	0.961429	0.000261	2.73797
0,1,2,3,3,2,3,4	0.000714286	0.962143	0.000249	2.86995
0,1,2,3,3,1,4,2	0.000714286	0.962857	0.000134	5.33359
0,1,1,2,3,1,3,0	0.000714286	0.963571	4.1e-05	17.4333
0,1,2,3,3,1,2,4	0.000714286	0.964286	0.000139	5.1417
0,1,2,3,3,4,5,2	0.000357143	0.964643	0.001025	0.348199
0,1,2,0,3,2,3,3	0.000357143	0.965	3.6e-05	9.92382
0,1,2,3,3,1,0,4	0.000357143	0.965357	0.000127	2.8128
0,1,1,2,3,1,3,3	0.000357143	0.965714	7.1e-05	5.03162
0,1,2,3,3,1,0,3	0.000357143	0.966071	4.2e-05	8.50608
0,1,1,2,3,1,2,3	0.000357143	0.966429	2.9e-05	12.3193
0,1,2,3,3,1,4,1	0.000357143	0.966786	0.00025	1.42872
0,1,1,2,3,1,4,3	0.000357143	0.967143	0.000284	1.25764
0,1,1,2,3,1,0,3	0.000357143	0.9675	4.5e-05	7.93899
0,1,1,2,2,3,2,2	0.000357143	0.967857	0.000108	3.3077
0,1,1,2,2,3,2,0	0.000357143	0.968214	3.9e-05	9.16042
0,1,2,3,3,2,3,2	0.000357143	0.968571	7.5e-05	4.76325
0,1,2,3,3,2,3,3	0.000357143	0.968929	0.000105	3.40222
0,1,1,2,3,4,0,0	0.000357143	0.969286	0.000279	1.28018
0,1,1,2,3,4,0,2	0.000357143	0.969643	0.000118	3.02736
0,1,2,3,0,4,5,2	0.000357143	0.97	0.000959	0.372188
0,1,1,2,2,3,0,4	0.000357143	0.970357	0.000133	2.68589
0,1,1,2,3,4,3,0	0.000357143	0.970714	0.00013	2.74788
0,1,2,3,0,4,0,5	0.000357143	0.971071	0.001987	0.179447
0,1,2,3,0,2,4,5	0.000357143	0.971429	0.000963	0.37064
0,1,2,3,3,4,3,2	0.000357143	0.971786	0.000267	1.33773
0,1,2,3,3,4,3,3	0.000357143	0.972143	0.000779	0.45827
0,1,1,2,2,1,0,2	0.000357143	0.9725	6e-06	59.5447
0,1,2,0,3,2,4,2	0.000357143	0.972857	0.000262	1.36327
0,1,0,0,2,1,0,0	0.000357143	0.973214	4.3e-05	8.30826
0,1,1,2,0,1,3,4	0.000357143	0.973571	0.00028	1.27561
0,1,2,3,3,4,5,5	0.000357143	0.973929	0.000992	0.359794
0,1,1,2,0,1,3,2	0.000357143	0.974286	4.1e-05	8.71356
0,1,2,3,4,0,4,0	0.000357143	0.974643	0.000259	1.37907
0,1,1,2,0,1,3,0	0.000357143	0.975	6e-05	5.95415
0,1,2,3,4,1,0,1	0.000357143	0.975357	0.00025	1.42872
0,1,1,2,0,1,0,3	0.000357143	0.975714	5.9e-05	6.05507
0,1,2,3,0,2,0,0	0.000357143	0.976071	0.000108	3.3077
0,1,2,3,4,1,0,4	0.000357143	0.976429	0.000134	2.66584
0,1,1,0,2,3,2,0	0.000357143	0.976786	3.4e-05	10.5076
0,1,2,3,4,1,2,0	0.000357143	0.977143	0.000146	2.4467
0,1,2,3,0,1,4,4	0.000357143	0.9775	0.000143	2.49804
0,1,2,3,4,1,2,3	0.000357143	0.977857	0.000122	2.92809
0,1,2,3,4,1,2,4	0.000357143	0.978214	0.000135	2.64609
0,1,2,3,4,1,2,5	0.000357143	0.978571	0.000958	0.372576
0,1,1,0,2,1,3,1	0.000357143	0.978929	0.000109	3.27735
0,1,1,0,2,1,2,2	0.000357143	0.979286	6e-06	59.5447
0,1,1,0,2,1,2,1	0.000357143	0.979643	1e-05	35.7267
0,1,2,3,0,1,4,2	0.000357143	0.98	0.000127	2.8128
0,1,1,0,2,1,0,1	0.000357143	0.980357	2.6e-05	13.7408
0,1,2,3,4,1,4,1	0.000357143	0.980714	0.000236	1.5135
0,1,1,0,0,2,3,4	0.000357143	0.981071	0.00026	1.37376
0,1,1,0,0,2,3,0	0.000357143	0.981429	0.000105	3.40222
0,1,2,3,4,1,4,4	0.000357143	0.981786	0.000229	1.55978
0,1,1,2,3,4,3,3	0.000357143	0.982143	0.000242	1.47597
0,1,2,3,0,1,3,3	0.000357143	0.9825	4.1e-05	8.71356
0,1,2,3,4,1,5,1	0.000357143	0.982857	0.001988	0.179356
0,1,1,0,0,1,2,1	0.000357143	0.983214	2.6e-05	13.7408
0,1,2,3,0,1,3,0	0.000357143	0.983571	3.5e-05	10.2074
0,1,2,3,0,1,0,2	0.000357143	0.983929	3.6e-05	9.92382
0,1,0,2,3,4,5,3	0.000357143	0.984286	0.000989	0.360887
0,1,0,2,3,4,3,5	0.000357143	0.984643	0.001014	0.35198
0,1,2,3,4,2,0,0	0.000357143	0.985	0.000275	1.29881
0,1,0,2,3,4,3,2	0.000357143	0.985357	0.000126	2.83512
0,1,2,3,4,2,0,4	0.000357143	0.985714	0.000131	2.7269
0,1,1,2,3,4,5,3	0.000357143	0.986071	0.001034	0.345165
0,1,2,3,4,2,3,3	0.000357143	0.986429	0.00025	1.42872
0,1,0,2,3,4,2,2	0.000357143	0.986786	0.000276	1.2941
0,1,2,3,4,2,4,0	0.000357143	0.987143	0.000128	2.79082
0,1,2,2,3,4,2,5	0.000357143	0.9875	0.002002	0.178099
0,1,2,2,3,4,2,0	0.000357143	0.987857	0.000256	1.39523
0,1,0,2,3,4,0,5	0.000357143	0.988214	0.001993	0.178905
0,1,2,2,3,4,0,3	0.000357143	0.988571	0.000108	3.3077
0,1,2,3,4,2,5,4	0.000357143	0.988929	0.001005	0.355136
0,1,2,2,3,1,4,2	0.000357143	0.989286	0.00025	1.42872
0,1,0,2,3,1,3,4	0.000357143	0.989643	0.000132	2.70624
0,1,0,2,3,1,3,2	0.000357143	0.99	1.6e-05	22.329
0,1,2,2,3,1,0,4	0.000357143	0.990357	0.000121	2.95229
0,1,2,2,3,1,0,0	0.000357143	0.990714	4e-05	8.9314
0,1,2,3,4,5,0,4	0.000357143	0.991071	0.001033	0.3455
0,1,2,3,4,5,0,5	0.000357143	0.991429	0.001011	0.353026
0,1,0,2,3,1,0,3	0.000357143	0.991786	3e-05	11.9087
0,1,2,0,0,3,4,1	0.000357143	0.992143	0.000278	1.28479
0,1,2,3,4,5,2,3	0.000357143	0.9925	0.001006	0.354782
0,1,0,2,3,1,0,2	0.000357143	0.992857	2.6e-05	13.7408
0,1,0,2,2,3,4,4	0.000357143	0.993214	0.000138	2.58856
0,1,2,3,4,5,3,1	0.000357143	0.993571	0.00096	0.371799
0,1,0,2,2,3,2,4	0.000357143	0.993929	0.000244	1.46387
0,1,0,2,2,1,3,4	0.000357143	0.994286	0.000127	2.8128
0,1,2,0,3,4,3,3	0.000357143	0.994643	0.000274	1.30355
0,1,0,2,2,1,3,2	0.000357143	0.995	3.6e-05	9.92382
0,1,0,2,2,1,3,0	0.000357143	0.995357	3.4e-05	10.5076
0,1,2,3,4,5,4,1	0.000357143	0.995714	0.001028	0.347182
0,1,2,0,0,3,4,2	0.000357143	0.996071	0.000274	1.30355
0,1,2,0,3,4,0,3	0.000357143	0.996429	0.000257	1.3898
0,1,2,0,3,1,4,1	0.000357143	0.996786	0.000256	1.39523
0,1,0,2,2,1,0,3	0.000357143	0.997143	3.8e-05	9.4015
0,1,0,2,0,1,0,3	0.000357143	0.9975	9.9e-05	3.60844
0,1,0,0,2,3,4,0	0.000357143	0.997857	0.000777	0.45945
0,1,0,0,2,3,2,4	0.000357143	0.998214	0.000262	1.36327
0,1,0,0,2,3,0,4	0.000357143	0.998571	0.000837	0.426489
0,1,0,0,2,3,0,0	0.000357143	0.998929	0.000429	0.832441
0,1,0,0,2,1,2,2	0.000357143	0.999286	8e-06	44.6584
0,1,0,0,2,1,0,3	0.000357143	0.999643	0.000111	3.2183
0,1,1,2,3,1,4,1	0.000357143	1	0.000787	0.453608
